0 0 0 0 15 12 4 1 2 3 9 15 9 28 28 29 19 28 28 29 19 1 1 6 11 0 21 0 0 0 0 0 0
0 0 0 0 3 1 1 2 1 1 3 1 2 2 0 0 0 0 0
0 0 0 0 3 1 3 3 0 0 1 2 0 3 0 0 0 0 0
0 0 0 0 3 1 3 2 3 1 3 3 2 3 0 1 1 6 13
0 0 0 0 3 1 0 0 3 1 3 2 2 3 0 0 0 0 0
0 0 0 0 3 1 0 0 3 1 0 0 2 3 0 0 0 0 0
0 0 0 0 3 1 2 1 3 2 0 0 2 3 0 0 0 0 0
0 0 0 0 2 1 0 0 0 0 2 1 2 3 0 0 0 0 0
0 0 0 0 2 1 0 0 0 0 0 0 2 3 0 0 0 0 0
0 0 0 0 2 1 2 2 2 2 0 0 2 3 0 0 0 0 0
0 0 0 0 3 1 0 0 3 1 2 2 2 3 0 0 0 0 0
0 0 0 0 3 1 3 2 3 1 0 0 2 3 0 0 0 0 0
0 0 0 0 3 1 0 0 3 1 3 2 2 3 0 0 0 0 0
0 0 0 0 3 1 3 2 3 1 0 0 2 3 0 0 0 0 0
0 0 0 0 3 1 1 1 0 0 3 2 2 3 0 0 0 0 0
0 0 0 0 1 1 1 1 1 2 1 1 1 2 0 1 1 6 14
0 0 0 0 1 1 0 0 1 1 3 1 0 3 0 0 0 0 0
0 0 0 0 0 0 3 1 0 0 0 0 0 3 0 0 0 0 0
0 0 0 0 3 1 0 0 0 0 3 1 2 3 0 0 0 0 0
0 0 0 0 3 1 2 2 0 0 0 0 2 3 0 0 0 0 0
0 0 0 0 3 1 2 1 0 0 2 2 2 3 0 0 0 0 0
0 0 0 0 3 2 2 1 0 0 2 1 2 3 0 0 0 0 0
0 0 0 0 0 0 0 0 2 1 2 1 2 3 0 0 0 0 0
0 0 0 0 0 0 2 1 2 2 0 0 2 3 0 0 0 0 0
0 0 0 0 2 2 2 1 2 1 2 1 2 3 0 0 0 0 0
0 0 0 0 3 1 3 2 3 1 2 1 2 3 0 0 0 0 0
0 0 0 0 3 1 3 2 0 0 3 2 2 3 0 0 0 0 0
0 0 0 0 3 1 0 0 3 1 3 2 2 3 0 0 0 0 0
0 0 0 0 3 1 3 1 3 1 0 0 2 3 0 0 0 0 0
0 0 0 0 0 0 0 0 0 0 3 1 2 3 0 0 0 0 0
0 0 0 0 1 2 3 1 0 0 0 0 2 3 0 0 0 0 0
0 0 0 0 1 1 1 2 0 0 3 1 1 2 0 1 1 6 19
0 0 0 0 0 0 3 1 0 0 1 2 0 3 0 0 0 0 0
0 0 0 0 0 0 0 0 1 1 3 1 2 3 0 0 0 0 0
0 0 0 0 0 0 2 1 0 0 0 0 2 3 0 0 0 0 0
0 0 0 0 0 0 2 1 0 0 2 1 2 3 0 0 0 0 0
0 0 0 0 0 0 0 0 2 1 2 1 2 3 0 0 0 0 0
0 0 0 0 2 1 0 0 2 1 0 0 2 3 0 0 0 0 0
0 0 0 0 2 2 2 1 2 1 0 0 2 3 0 0 0 0 0
0 0 0 0 2 1 3 1 0 0 2 1 2 3 0 0 0 0 0
0 0 0 0 3 1 3 2 3 2 3 1 2 3 0 0 0 0 0
0 0 0 0 0 0 0 0 3 1 3 2 2 3 0 0 0 0 0
0 0 0 0 3 1 0 0 3 1 0 0 2 3 0 0 0 0 0
0 0 0 0 3 1 3 2 3 1 0 0 2 3 0 0 0 0 0
0 0 0 0 0 0 0 0 3 1 3 2 2 3 0 0 0 0 0
0 0 0 0 0 0 3 1 3 1 0 0 2 3 0 0 0 0 0
0 0 0 0 0 0 1 1 1 1 3 1 1 2 0 0 0 0 0
0 0 0 0 0 0 3 1 0 0 1 1 0 3 0 0 0 0 0
0 0 0 0 1 1 1 2 4 1 3 1 1 2 0 0 0 0 0
0 0 0 0 0 0 2 1 2 1 1 2 2 3 0 0 0 0 0
0 0 0 0 0 0 3 2 0 0 2 1 2 3 0 0 0 0 0
0 0 0 0 2 1 0 0 2 1 3 2 2 3 0 0 0 0 0
0 0 0 0 2 1 0 0 2 2 0 0 2 3 0 0 0 0 0
0 0 0 0 2 1 0 0 2 2 0 0 2 3 0 0 0 0 0
0 0 0 0 0 0 3 2 2 1 0 0 2 3 0 0 0 0 0
0 0 0 0 3 2 0 0 0 0 3 2 2 3 0 0 0 0 0
0 0 0 0 3 1 0 0 0 0 0 0 2 3 0 0 0 0 0
0 0 0 0 3 1 3 1 1 1 0 0 2 3 0 0 0 0 0
0 0 0 0 3 1 0 0 0 0 3 1 0 1 0 0 0 0 0
0 0 0 0 3 1 0 0 0 0 0 0 0 1 0 1 1 6 23
0 0 0 0 3 1 3 1 0 0 0 0 0 1 0 0 0 0 0
0 0 0 0 1 1 0 0 0 0 3 1 0 3 0 0 0 0 0
0 0 0 0 0 0 3 1 0 0 0 0 0 3 0 0 0 0 0
0 0 0 0 4 2 0 0 3 1 3 1 2 3 0 0 0 0 0
0 0 0 0 2 1 2 1 3 1 0 0 2 3 0 1 1 6 16
0 0 0 0 0 0 2 2 3 1 2 1 2 3 0 0 0 0 0
0 0 0 0 2 1 2 1 2 1 2 2 2 3 0 0 0 0 0
0 0 0 0 2 2 0 0 2 2 2 1 2 3 0 1 1 6 11
0 0 0 0 2 2 2 1 2 2 0 0 2 3 0 1 1 6 11
0 0 0 0 2 1 2 2 2 1 2 1 2 3 0 0 0 0 0
0 0 0 0 0 0 0 0 3 1 2 2 2 3 0 0 0 0 0
0 0 0 0 0 0 1 2 3 1 0 0 2 3 0 0 0 0 0
0 0 0 0 1 1 1 1 1 1 1 2 1 2 0 1 1 6 15
0 0 0 0 0 0 0 0 0 0 1 1 0 1 0 0 0 0 0
0 0 0 0 0 0 0 0 3 1 0 0 0 1 0 0 0 0 0
0 0 0 0 0 0 3 1 3 1 0 0 0 1 0 0 0 0 0
0 0 0 0 0 0 0 0 0 0 3 1 0 3 0 0 0 0 0
0 0 0 0 0 0 2 1 0 0 0 0 0 3 0 0 0 0 0
0 0 0 0 3 1 0 0 0 0 2 1 0 3 0 0 0 0 0
0 0 0 0 3 1 0 0 0 0 0 0 0 3 0 0 0 0 0
0 0 0 0 3 1 3 1 0 0 0 0 0 3 0 1 1 6 31
0 0 0 0 2 1 0 0 0 0 3 1 0 1 0 0 0 0 0
0 0 0 0 2 2 0 0 0 0 0 0 0 1 0 1 1 6 12
0 0 0 0 2 2 0 0 0 0 0 0 0 1 0 1 1 6 12
0 0 0 0 2 1 0 0 0 0 0 0 0 1 0 0 0 0 0
0 0 0 0 3 1 1 1 0 0 0 0 0 1 0 0 0 0 0
0 0 0 0 3 1 1 1 1 2 1 1 1 2 0 0 0 0 0
0 0 0 0 1 1 1 1 1 2 1 1 1 2 0 1 1 6 22
0 0 0 0 0 0 3 1 0 0 1 1 0 1 0 0 0 0 0
0 0 0 0 3 1 0 0 0 0 3 1 2 3 0 0 0 0 0
0 0 0 0 3 1 3 1 0 0 0 0 2 3 0 0 0 0 0
0 0 0 0 0 0 0 0 0 0 3 1 0 3 0 0 0 0 0
0 0 0 0 0 0 2 2 0 0 0 0 0 3 0 0 0 0 0
0 0 0 0 0 0 0 0 1 1 2 2 0 3 0 1 1 6 30
0 0 0 0 0 0 0 0 1 1 0 0 0 3 0 0 0 0 0
0 0 0 0 0 0 3 1 1 1 0 0 0 3 0 0 0 0 0
0 0 0 0 0 0 0 0 0 0 3 1 0 1 0 0 0 0 0
0 0 0 0 0 0 0 0 0 0 0 0 0 1 0 1 1 6 29
0 0 0 0 0 0 0 0 0 0 0 0 0 1 0 0 0 0 0
0 0 0 0 0 0 0 0 0 0 0 0 0 1 0 1 1 6 20
0 0 0 0 0 0 0 0 0 0 0 0 0 1 0 0 0 0 0
0 0 0 0 1 2 0 0 0 0 0 0 0 1 0 0 0 0 0
0 0 0 0 1 2 0 0 0 0 0 0 0 1 0 0 0 0 0
0 0 0 0 0 0 3 1 0 0 0 0 0 1 0 0 0 0 0
0 0 0 0 0 0 0 0 3 1 3 1 2 3 0 0 0 0 0
0 0 0 0 0 0 3 1 3 2 0 0 2 3 0 1 1 6 26
0 0 0 0 0 0 0 0 0 0 3 1 0 3 0 0 0 0 0
0 0 0 0 0 0 1 1 0 0 0 0 0 3 0 0 0 0 0
0 0 0 0 1 1 0 0 1 2 1 1 1 3 0 0 0 0 0
0 0 0 0 1 1 0 0 1 2 0 0 1 3 0 0 0 0 0
0 0 0 0 1 1 1 1 1 2 0 0 1 3 0 0 0 0 0
0 0 0 0 0 0 0 0 3 1 1 1 0 1 0 0 0 0 0
0 0 0 0 0 0 0 0 3 1 0 0 0 1 0 0 0 0 0
0 0 0 0 0 0 0 0 3 2 0 0 0 1 0 0 0 0 0
0 0 0 0 0 0 0 0 3 2 0 0 0 1 0 0 0 0 0
0 0 0 0 0 0 0 0 3 2 0 0 0 1 0 0 0 0 0
0 0 0 0 0 0 0 0 3 1 0 0 0 1 0 1 1 6 21
0 0 0 0 0 0 0 0 3 1 0 0 0 1 0 0 0 0 0
0 0 0 0 0 0 3 1 3 1 0 0 0 1 0 0 0 0 0
0 0 0 0 3 1 3 1 3 2 3 1 2 3 0 31 31 31 28
0 0 0 0 3 2 3 1 0 0 3 1 0 3 0 0 0 0 0
0 0 0 0 0 0 0 0 3 2 3 2 0 3 0 0 0 0 0
0 0 0 0 0 0 0 0 3 2 0 0 0 3 0 0 0 0 0
0 0 0 0 1 2 0 0 0 0 0 0 0 3 0 0 0 0 0
0 0 0 0 1 2 0 0 0 0 0 0 0 3 0 0 0 0 0
0 0 0 0 1 2 0 0 0 0 0 0 0 3 0 1 1 6 17
0 0 0 0 3 1 0 0 0 0 0 0 0 3 0 0 0 0 0
0 0 0 0 3 1 0 0 0 0 0 0 0 3 0 0 0 0 0
0 0 0 0 3 2 0 0 0 0 0 0 0 3 0 0 0 0 0
0 0 0 0 3 2 0 0 0 0 0 0 0 3 0 0 0 0 0
0 0 0 0 3 2 0 0 0 0 0 0 0 3 0 0 0 0 0
0 0 0 0 3 1 0 0 0 0 0 0 0 3 0 0 0 0 0
0 0 0 0 3 1 0 0 0 0 0 0 0 3 0 0 0 0 0
0 0 0 0 3 1 0 0 0 0 0 0 0 3 0 0 0 0 0
0 0 0 0 3 2 0 0 0 0 0 0 0 3 0 0 0 0 0
0 0 0 0 0 0 3 2 0 0 0 0 0 3 0 0 0 0 0
0 0 0 0 3 2 0 0 3 1 3 1 0 3 0 1 1 6 24
0 0 0 0 3 2 3 1 3 2 0 0 0 3 0 1 1 6 24
0 0 0 0 0 0 0 0 0 0 3 1 0 3 0 0 0 0 0
0 0 0 0 0 0 0 0 1 1 0 0 0 3 0 0 0 0 0
0 0 0 0 0 0 0 0 1 1 0 0 0 3 0 0 0 0 0
0 0 0 0 0 0 0 0 1 2 0 0 0 3 0 1 1 6 18
0 0 0 0 0 0 0 0 0 0 0 0 0 3 0 0 0 0 0
0 0 0 0 0 0 0 0 2 1 0 0 0 3 0 0 0 0 0
0 0 0 0 0 0 0 0 2 1 0 0 0 3 0 0 0 0 0
0 0 0 0 0 0 0 0 0 0 0 0 0 3 0 0 0 0 0
0 0 0 0 0 0 0 0 0 0 0 0 0 3 0 0 0 0 0
0 0 0 0 0 0 0 0 3 1 0 0 0 3 0 0 0 0 0
0 0 0 0 0 0 0 0 0 0 0 0 0 3 0 0 0 0 0
0 0 0 0 0 0 0 0 2 1 0 0 0 3 0 0 0 0 0
0 0 0 0 0 0 3 2 2 1 0 0 0 3 0 0 0 0 0
0 0 0 0 3 1 0 0 0 0 3 1 2 3 0 0 0 0 0
0 0 0 0 3 2 3 1 0 0 0 0 2 3 0 1 1 6 25
0 0 0 0 0 0 1 1 0 0 3 1 0 3 0 0 0 0 0
0 0 0 0 1 1 1 2 0 0 1 1 1 2 0 31 31 31 31
0 0 0 0 1 1 0 0 0 0 1 2 1 3 0 31 31 31 31
0 0 0 0 1 2 1 1 0 0 0 0 1 3 0 31 31 31 31
0 0 0 0 0 0 2 1 0 0 1 1 0 3 0 0 0 0 0
0 0 0 0 2 1 0 0 0 0 2 1 2 3 0 0 0 0 0
0 0 0 0 2 1 2 1 0 0 0 0 2 3 0 0 0 0 0
0 0 0 0 0 0 0 0 0 0 2 1 0 3 0 0 0 0 0
0 0 0 0 0 0 3 1 3 1 0 0 0 3 0 0 0 0 0
0 0 0 0 3 1 3 2 3 1 3 1 2 3 0 31 31 31 30
0 0 0 0 0 0 2 2 0 0 3 2 0 3 0 0 0 0 0
0 0 0 0 2 1 0 0 0 0 2 2 1 2 0 0 0 0 0
0 0 0 0 2 1 3 1 0 0 0 0 1 2 0 0 0 0 0
0 0 0 0 0 0 0 0 3 1 3 1 2 3 0 0 0 0 0
0 0 0 0 0 0 3 1 3 1 0 0 2 3 0 0 0 0 0
0 0 0 0 0 0 1 1 3 1 3 1 0 3 0 0 0 0 0
0 0 0 0 0 0 1 1 3 1 1 1 1 2 0 31 31 31 31
0 0 0 0 0 0 0 0 3 1 1 1 1 3 0 31 31 31 31
0 0 0 0 0 0 1 1 3 1 0 0 1 3 0 31 31 31 31
0 0 0 0 0 0 2 2 3 1 1 1 0 3 0 1 1 6 27
0 0 0 0 0 0 0 0 3 1 2 2 2 3 0 1 1 6 28
0 0 0 0 0 0 2 1 3 1 0 0 2 3 0 0 0 0 0
0 0 0 0 0 0 3 1 3 1 2 1 0 3 0 0 0 0 0
0 0 0 0 3 1 0 0 3 1 3 1 2 2 0 0 0 0 0
0 0 0 0 3 1 3 2 3 1 0 0 2 2 0 31 31 31 29
0 0 0 0 0 0 2 1 3 1 3 2 0 3 0 0 0 0 0
0 0 0 0 0 0 0 0 3 1 2 1 1 2 0 0 0 0 0
0 0 0 0 0 0 3 1 3 1 0 0 1 2 0 0 0 0 0
