0 0 0 0 11 16 0 3 6 7 9 6 12 23 23 23 23 23 23 2 23 1 1 8 25 0 17 0 0 0 0 0 0
0 0 0 0 1 1 0 0 0 0 1 1 2 4 0 0 0 0 0
0 0 0 0 1 1 1 1 0 0 0 0 2 4 0 0 0 0 0
0 0 0 0 1 1 3 1 0 0 1 1 2 4 0 0 0 0 0
0 0 0 0 1 1 3 1 0 0 3 1 2 4 0 0 0 0 0
0 0 0 0 1 1 0 0 3 2 3 1 2 4 0 1 1 9 5
0 0 0 0 1 1 0 0 3 1 0 0 2 4 0 0 0 0 0
0 0 0 0 1 1 3 2 3 1 0 0 2 4 0 0 0 0 0
0 0 0 0 1 1 1 1 0 0 3 2 2 4 0 1 1 9 6
0 0 0 0 1 1 0 0 0 0 1 1 2 4 0 0 0 0 0
0 0 0 0 1 1 4 2 0 0 0 0 2 4 0 1 1 9 7
0 0 0 0 1 1 1 1 0 0 4 1 0 3 0 1 1 8 31
0 0 0 0 0 0 0 0 1 1 1 1 2 4 0 0 0 0 0
0 0 0 0 0 0 1 2 1 2 0 0 2 4 0 0 0 0 0
0 0 0 0 0 0 3 1 3 2 1 2 2 4 0 0 0 0 0
0 0 0 0 0 0 3 1 3 2 3 1 2 4 0 0 0 0 0
0 0 0 0 3 2 0 0 3 1 3 1 0 3 0 0 0 0 0
0 0 0 0 3 1 0 0 3 2 0 0 0 3 0 0 0 0 0
0 0 0 0 3 1 3 1 0 0 0 0 0 3 0 0 0 0 0
0 0 0 0 0 0 1 2 3 1 3 1 2 4 0 0 0 0 0
0 0 0 0 0 0 0 0 1 1 1 2 2 4 0 0 0 0 0
0 0 0 0 0 0 1 1 1 1 0 0 2 4 0 0 0 0 0
0 0 0 0 0 0 1 1 0 0 1 1 0 3 0 0 0 0 0
0 0 0 0 1 1 1 1 1 2 1 1 2 2 0 0 0 0 0
0 0 0 0 1 2 3 1 0 0 1 1 0 3 0 0 0 0 0
0 0 0 0 3 2 3 1 3 2 3 1 2 4 0 0 0 0 0
0 0 0 0 3 2 3 1 0 0 3 1 0 3 0 0 0 0 0
0 0 0 0 3 1 3 1 3 2 3 1 2 4 0 1 1 9 3
0 0 0 0 3 2 3 1 3 1 3 1 2 4 0 0 0 0 0
0 0 0 0 0 0 3 1 0 0 3 1 0 3 0 0 0 0 0
0 0 0 0 3 1 0 0 3 1 3 1 2 4 0 0 0 0 0
0 0 0 0 1 1 1 1 3 2 0 0 2 3 0 0 0 0 0
0 0 0 0 1 1 1 1 1 2 1 1 2 2 0 0 0 0 0
0 0 0 0 0 0 1 1 0 0 1 1 0 3 0 0 0 0 0
0 0 0 0 1 2 1 1 0 0 1 1 2 2 0 0 0 0 0
0 0 0 0 0 0 0 0 1 1 1 1 0 3 0 0 0 0 0
0 0 0 0 3 2 0 0 0 0 0 0 0 3 0 0 0 0 0
0 0 0 0 0 0 0 0 0 0 0 0 0 3 0 0 0 0 0
0 0 0 0 3 2 0 0 0 0 0 0 0 3 0 1 1 8 28
0 0 0 0 3 1 0 0 0 0 0 0 0 3 0 0 0 0 0
0 0 0 0 0 0 0 0 0 0 0 0 0 3 0 1 1 9 4
0 0 0 0 3 1 0 0 0 0 0 0 0 3 0 0 0 0 0
0 0 0 0 3 2 1 1 1 1 0 0 0 3 0 0 0 0 0
0 0 0 0 1 2 1 1 0 0 1 1 2 2 0 0 0 0 0
0 0 0 0 0 0 1 1 0 0 1 1 0 3 0 0 0 0 0
0 0 0 0 0 0 0 0 0 0 1 1 2 2 0 0 0 0 0
0 0 0 0 1 1 1 1 1 2 0 0 2 2 0 0 0 0 0
0 0 0 0 0 0 0 0 0 0 1 1 0 3 0 0 0 0 0
0 0 0 0 0 0 0 0 0 0 0 0 0 3 0 1 1 8 26
0 0 0 0 0 0 0 0 2 3 0 0 0 3 0 1 1 8 26
0 0 0 0 0 0 0 0 2 3 0 0 0 3 0 1 1 8 26
0 0 0 0 0 0 0 0 0 0 0 0 0 3 0 1 1 8 26
0 0 0 0 0 0 1 1 0 0 0 0 0 3 0 1 1 8 27
0 0 0 0 1 1 0 0 1 2 1 1 2 2 0 0 0 0 0
0 0 0 0 0 0 1 1 0 0 0 0 2 2 0 0 0 0 0
0 0 0 0 0 0 1 1 0 0 1 1 0 3 0 0 0 0 0
0 0 0 0 0 0 1 1 1 2 1 1 2 2 0 0 0 0 0
0 0 0 0 1 2 0 0 1 2 1 1 0 3 0 0 0 0 0
0 0 0 0 0 0 0 0 0 0 0 0 0 3 0 0 0 0 0
0 0 0 0 0 0 2 3 0 0 0 0 0 3 0 1 1 8 26
0 0 0 0 2 3 0 0 0 0 2 3 0 3 0 1 1 8 25
0 0 0 0 2 3 2 3 0 0 0 0 0 3 0 1 1 8 25
0 0 0 0 0 0 0 0 0 0 2 3 0 3 0 1 1 8 26
0 0 0 0 0 0 0 0 0 0 0 0 0 3 0 0 0 0 0
0 0 0 0 1 2 1 1 1 2 0 0 0 3 0 0 0 0 0
0 0 0 0 0 0 1 1 1 2 1 1 2 2 0 0 0 0 0
0 0 0 0 0 0 1 1 0 0 1 1 0 3 0 0 0 0 0
0 0 0 0 1 2 1 1 1 1 1 1 2 2 0 0 0 0 0
0 0 0 0 1 2 1 1 1 1 1 1 2 3 0 1 1 9 1
0 0 0 0 0 0 0 0 0 0 1 1 0 3 0 0 0 0 0
0 0 0 0 0 0 2 3 0 0 0 0 0 3 0 1 1 8 26
0 0 0 0 0 0 0 0 2 3 2 3 0 3 0 1 1 8 25
0 0 0 0 0 0 2 3 2 3 0 0 0 3 0 1 1 8 25
0 0 0 0 0 0 0 0 0 0 2 3 0 3 0 1 1 8 26
0 0 0 0 0 0 1 1 0 0 0 0 0 3 0 0 0 0 0
0 0 0 0 1 2 1 1 1 1 1 1 2 3 0 1 1 8 30
0 0 0 0 1 2 1 1 1 1 1 1 2 2 0 0 0 0 0
0 0 0 0 0 0 1 1 0 0 1 1 0 3 0 0 0 0 0
0 0 0 0 1 1 0 0 0 0 1 1 2 2 0 0 0 0 0
0 0 0 0 1 1 1 1 0 0 0 0 2 2 0 0 0 0 0
0 0 0 0 0 0 0 0 1 2 1 1 0 3 0 0 0 0 0
0 0 0 0 0 0 0 0 0 0 0 0 0 3 0 1 1 8 26
0 0 0 0 2 3 0 0 0 0 0 0 0 3 0 1 1 8 26
0 0 0 0 2 3 0 0 0 0 0 0 0 3 0 1 1 8 26
0 0 0 0 0 0 0 0 0 0 0 0 0 3 0 1 1 8 26
0 0 0 0 0 0 1 1 1 2 0 0 0 3 0 0 0 0 0
0 0 0 0 1 1 0 0 0 0 1 1 2 2 0 0 0 0 0
0 0 0 0 1 1 1 1 0 0 0 0 2 2 0 0 0 0 0
0 0 0 0 0 0 1 1 0 0 1 1 0 3 0 0 0 0 0
0 0 0 0 0 0 0 0 1 1 1 1 2 2 0 0 0 0 0
0 0 0 0 0 0 1 2 1 2 0 0 2 2 0 0 0 0 0
0 0 0 0 1 2 1 1 0 0 1 2 2 2 0 0 0 0 0
0 0 0 0 0 0 0 0 1 1 1 1 0 3 0 0 0 0 0
0 0 0 0 0 0 0 0 0 0 0 0 0 3 0 1 1 8 29
0 0 0 0 0 0 0 0 0 0 0 0 0 3 0 1 1 8 29
0 0 0 0 0 0 1 1 1 1 0 0 0 3 0 0 0 0 0
0 0 0 0 1 2 1 2 0 0 1 1 2 2 0 0 0 0 0
0 0 0 0 0 0 0 0 1 2 1 2 2 2 0 0 0 0 0
0 0 0 0 0 0 1 1 1 1 0 0 2 2 0 0 0 0 0
0 0 0 0 0 0 1 1 0 0 1 1 0 3 0 0 0 0 0
0 0 0 0 1 1 0 0 1 1 1 1 2 4 0 0 0 0 0
0 0 0 0 1 2 1 1 1 1 0 0 2 4 0 0 0 0 0
0 0 0 0 0 0 0 0 1 1 1 1 2 2 0 0 0 0 0
0 0 0 0 1 1 1 1 1 1 0 0 2 2 0 0 0 0 0
0 0 0 0 0 0 0 0 1 2 1 1 0 3 0 1 1 9 8
0 0 0 0 0 0 1 1 1 2 0 0 0 3 0 1 1 9 8
0 0 0 0 1 1 0 0 1 1 1 1 2 2 0 0 0 0 0
0 0 0 0 0 0 1 1 1 1 0 0 2 2 0 0 0 0 0
0 0 0 0 1 2 0 0 1 1 1 1 2 2 0 1 1 9 2
0 0 0 0 1 1 1 1 1 1 0 0 2 2 0 0 0 0 0
0 0 0 0 0 0 1 1 1 1 1 1 0 3 0 0 0 0 0
0 0 0 0 1 1 0 0 0 0 1 1 0 1 0 0 0 0 0
0 0 0 0 1 1 0 0 0 0 0 0 0 1 0 0 0 0 0
0 0 0 0 1 1 0 0 0 0 0 0 0 1 0 1 1 9 9
0 0 0 0 1 1 0 0 0 0 0 0 0 1 0 0 0 0 0
0 0 0 0 1 2 0 0 0 0 0 0 0 1 0 0 0 0 0
0 0 0 0 1 2 0 0 0 0 0 0 0 1 0 0 0 0 0
0 0 0 0 1 1 0 0 0 0 0 0 0 1 0 0 0 0 0
0 0 0 0 1 1 0 0 0 0 0 0 0 1 0 1 1 9 9
0 0 0 0 1 1 0 0 0 0 0 0 0 1 0 0 0 0 0
0 0 0 0 1 1 0 0 0 0 0 0 0 1 0 0 0 0 0
0 0 0 0 1 1 1 1 0 0 0 0 0 1 0 0 0 0 0
0 0 0 0 0 0 0 0 0 0 1 1 0 1 0 0 0 0 0
0 0 0 0 0 0 0 0 0 0 0 0 0 1 0 0 0 0 0
0 0 0 0 0 0 0 0 0 0 0 0 0 1 0 1 1 9 9
0 0 0 0 0 0 0 0 0 0 0 0 0 1 0 0 0 0 0
0 0 0 0 0 0 0 0 0 0 0 0 0 1 0 0 0 0 0
0 0 0 0 0 0 0 0 0 0 0 0 0 1 0 0 0 0 0
0 0 0 0 0 0 0 0 0 0 0 0 0 1 0 0 0 0 0
0 0 0 0 0 0 0 0 0 0 0 0 0 1 0 1 1 9 9
0 0 0 0 0 0 0 0 0 0 0 0 0 1 0 0 0 0 0
0 0 0 0 0 0 0 0 0 0 0 0 0 1 0 0 0 0 0
0 0 0 0 0 0 1 1 0 0 0 0 0 1 0 0 0 0 0
0 0 0 0 0 0 0 0 0 0 1 1 0 1 0 0 0 0 0
0 0 0 0 0 0 0 0 0 0 0 0 0 1 0 0 0 0 0
0 0 0 0 0 0 0 0 0 0 0 0 0 1 0 0 0 0 0
0 0 0 0 0 0 0 0 0 0 0 0 0 1 0 1 1 9 9
0 0 0 0 0 0 0 0 0 0 0 0 0 1 0 1 1 9 9
0 0 0 0 0 0 0 0 0 0 0 0 0 1 0 1 1 9 9
0 0 0 0 0 0 0 0 0 0 0 0 0 1 0 1 1 9 9
0 0 0 0 0 0 0 0 0 0 0 0 0 1 0 0 0 0 0
0 0 0 0 0 0 0 0 0 0 0 0 0 1 0 0 0 0 0
0 0 0 0 0 0 0 0 0 0 0 0 0 1 0 0 0 0 0
0 0 0 0 0 0 1 1 0 0 0 0 0 1 0 0 0 0 0
0 0 0 0 0 0 0 0 0 0 1 1 0 1 0 0 0 0 0
0 0 0 0 0 0 0 0 0 0 0 0 0 1 0 0 0 0 0
0 0 0 0 0 0 0 0 0 0 0 0 0 1 0 0 0 0 0
0 0 0 0 0 0 0 0 0 0 0 0 0 1 0 0 0 0 0
0 0 0 0 0 0 0 0 0 0 0 0 0 1 0 0 0 0 0
0 0 0 0 0 0 0 0 0 0 0 0 0 1 0 0 0 0 0
0 0 0 0 0 0 0 0 0 0 0 0 0 1 0 0 0 0 0
0 0 0 0 0 0 0 0 0 0 0 0 0 1 0 0 0 0 0
0 0 0 0 0 0 0 0 0 0 0 0 0 1 0 0 0 0 0
0 0 0 0 0 0 0 0 0 0 0 0 0 1 0 0 0 0 0
0 0 0 0 0 0 1 1 0 0 0 0 0 1 0 0 0 0 0
0 0 0 0 0 0 0 0 0 0 1 1 0 1 0 0 0 0 0
0 0 0 0 0 0 0 0 0 0 0 0 0 1 0 0 0 0 0
0 0 0 0 0 0 0 0 0 0 0 0 0 1 0 0 0 0 0
0 0 0 0 0 0 0 0 0 0 0 0 0 1 0 0 0 0 0
0 0 0 0 0 0 0 0 0 0 0 0 0 1 0 0 0 0 0
0 0 0 0 0 0 0 0 0 0 0 0 0 1 0 0 0 0 0
0 0 0 0 0 0 0 0 0 0 0 0 0 1 0 0 0 0 0
0 0 0 0 0 0 0 0 0 0 0 0 0 1 0 0 0 0 0
0 0 0 0 0 0 0 0 0 0 0 0 0 1 0 0 0 0 0
0 0 0 0 0 0 0 0 0 0 0 0 0 1 0 0 0 0 0
0 0 0 0 0 0 1 1 0 0 0 0 0 1 0 0 0 0 0
0 0 0 0 0 0 0 0 1 1 1 1 0 1 0 0 0 0 0
0 0 0 0 0 0 0 0 1 1 0 0 0 1 0 0 0 0 0
0 0 0 0 0 0 0 0 1 1 0 0 0 1 0 0 0 0 0
0 0 0 0 0 0 0 0 1 1 0 0 0 1 0 0 0 0 0
0 0 0 0 0 0 0 0 1 1 0 0 0 1 0 0 0 0 0
0 0 0 0 0 0 0 0 1 1 0 0 0 1 0 0 0 0 0
0 0 0 0 0 0 0 0 1 1 0 0 0 1 0 0 0 0 0
0 0 0 0 0 0 0 0 1 1 0 0 0 1 0 0 0 0 0
0 0 0 0 0 0 0 0 1 1 0 0 0 1 0 0 0 0 0
0 0 0 0 0 0 0 0 1 1 0 0 0 1 0 0 0 0 0
0 0 0 0 0 0 1 1 1 1 0 0 0 1 0 0 0 0 0
