0 0 0 0 5 15 4 0 5 6 9 1 1 30 30 8 8 30 8 15 16 1 1 3 12 0 11 0 0 0 0 0 0
0 0 0 0 2 1 4 2 0 0 2 1 2 5 0 0 0 0 0
0 0 0 0 2 1 0 0 2 1 4 1 2 5 0 0 0 0 0
0 0 0 0 2 1 2 2 2 1 0 0 2 5 0 0 0 0 0
0 0 0 0 2 1 0 0 0 0 2 2 2 5 0 0 0 0 0
0 0 0 0 2 1 2 1 2 1 0 0 2 5 0 0 0 0 0
0 0 0 0 0 0 0 0 2 1 2 1 2 5 0 1 1 3 22
0 0 0 0 2 1 4 2 2 1 0 0 2 5 0 0 0 0 0
0 0 0 0 2 1 0 0 0 0 4 1 2 5 15 0 0 0 0
0 0 0 0 0 0 2 1 2 2 0 0 2 5 0 0 0 0 0
0 0 0 0 2 1 2 1 0 0 2 1 2 5 0 0 0 0 0
0 0 0 0 2 1 0 0 0 0 2 1 2 5 0 0 0 0 0
0 0 0 0 2 1 2 1 2 2 0 0 2 5 0 0 0 0 0
0 0 0 0 0 0 2 1 2 2 2 1 2 5 15 0 0 0 0
0 0 0 0 2 2 2 2 2 1 2 1 2 5 0 0 0 0 0
0 0 0 0 0 0 2 1 0 0 2 2 2 5 0 0 0 0 0
0 0 0 0 0 0 2 1 0 0 2 1 2 5 0 0 0 0 0
0 0 0 0 2 2 0 0 0 0 2 1 2 5 0 0 0 0 0
0 0 0 0 2 2 0 0 2 1 0 0 2 5 0 0 0 0 0
0 0 0 0 2 1 2 2 2 1 0 0 2 5 0 0 0 0 0
0 0 0 0 0 0 2 1 2 2 2 2 2 5 0 0 0 0 0
0 0 0 0 0 0 2 1 2 2 2 1 2 5 0 0 0 0 0
0 0 0 0 0 0 2 1 0 0 2 1 2 5 15 0 0 0 0
0 0 0 0 2 1 0 0 2 1 2 1 2 5 0 0 0 0 0
0 0 0 0 2 1 2 2 0 0 0 0 2 5 0 0 0 0 0
0 0 0 0 2 2 2 1 0 0 2 2 2 5 0 0 0 0 0
0 0 0 0 2 2 0 0 2 2 2 1 2 5 0 0 0 0 0
0 0 0 0 0 0 0 0 2 1 0 0 2 5 0 0 0 0 0
0 0 0 0 2 1 2 2 0 0 0 0 2 5 0 0 0 0 0
0 0 0 0 0 0 2 1 2 1 2 2 2 5 0 0 0 0 0
0 0 0 0 0 0 2 1 2 2 2 1 2 5 15 0 0 0 0
0 0 0 0 2 2 0 0 2 1 2 1 2 5 0 0 0 0 0
0 0 0 0 2 1 2 1 2 2 0 0 2 5 0 0 0 0 0
0 0 0 0 0 0 2 1 0 0 2 1 2 5 0 0 0 0 0
0 0 0 0 2 1 2 2 2 2 2 1 2 5 0 0 0 0 0
0 0 0 0 2 2 2 1 0 0 2 2 2 5 0 0 0 0 0
0 0 0 0 2 1 0 0 0 0 2 1 2 5 0 0 0 0 0
0 0 0 0 2 2 2 1 2 2 0 0 2 5 0 0 0 0 0
0 0 0 0 0 0 2 2 2 1 2 1 2 5 0 0 0 0 0
0 0 0 0 2 2 2 1 2 1 2 2 2 5 0 0 0 0 0
0 0 0 0 0 0 2 1 0 0 2 1 2 5 0 0 0 0 0
0 0 0 0 0 0 2 1 0 0 2 1 2 5 0 0 0 0 0
0 0 0 0 2 2 2 1 2 1 2 1 2 5 0 0 0 0 0
0 0 0 0 2 1 0 0 0 0 2 1 2 5 15 0 0 0 0
0 0 0 0 2 1 2 1 0 0 0 0 2 5 15 0 0 0 0
0 0 0 0 0 0 2 1 0 0 2 1 2 5 0 0 0 0 0
0 0 0 0 0 0 0 0 2 1 2 1 2 5 0 0 0 0 0
0 0 0 0 2 1 0 0 2 1 0 0 2 5 0 0 0 0 0
0 0 0 0 0 0 0 0 2 1 0 0 2 5 15 0 0 0 0
0 0 0 0 0 0 2 1 2 1 0 0 2 5 15 0 0 0 0
0 0 0 0 0 0 2 1 2 2 2 1 2 5 0 0 0 0 0
0 0 0 0 2 1 0 0 3 1 2 1 2 5 0 0 0 0 0
0 0 0 0 2 1 0 0 0 0 0 0 2 5 0 0 0 0 0
0 0 0 0 2 1 0 0 3 1 0 0 2 5 0 0 0 0 0
0 0 0 0 2 1 2 1 0 0 0 0 2 5 0 0 0 0 0
0 0 0 0 2 2 2 1 0 0 2 1 2 5 0 1 1 3 12
0 0 0 0 3 1 3 2 0 0 3 1 2 3 0 0 0 0 0
0 0 0 0 0 0 3 1 0 0 3 2 2 5 0 0 0 0 0
0 0 0 0 3 1 3 2 3 1 3 1 2 2 0 1 1 3 16
0 0 0 0 0 0 2 1 0 0 3 2 2 5 0 1 1 3 19
0 0 0 0 0 0 2 1 0 0 2 1 2 5 0 0 0 0 0
0 0 0 0 0 0 3 1 3 1 3 1 2 3 0 0 0 0 0
0 0 0 0 0 0 3 1 3 2 3 1 2 5 0 1 1 3 20
0 0 0 0 3 1 3 2 3 1 3 1 2 2 0 1 1 3 15
0 0 0 0 0 0 2 1 0 0 3 2 2 5 0 1 1 3 18
0 0 0 0 0 0 2 1 0 0 2 1 2 5 0 0 0 0 0
0 0 0 0 3 1 0 0 0 0 3 1 2 3 0 0 0 0 0
0 0 0 0 3 2 3 1 0 0 0 0 2 3 0 1 1 3 21
0 0 0 0 3 1 3 2 3 1 3 1 2 2 0 1 1 3 14
0 0 0 0 0 0 2 1 0 0 3 2 2 5 0 1 1 3 17
0 0 0 0 0 0 2 1 0 0 2 1 2 5 0 0 0 0 0
0 0 0 0 0 0 0 0 3 1 3 1 2 3 0 0 0 0 0
0 0 0 0 0 0 3 1 3 1 0 0 2 3 0 0 0 0 0
0 0 0 0 3 1 3 2 3 1 3 1 2 2 0 1 1 3 13
0 0 0 0 0 0 2 2 2 1 3 2 2 5 0 0 0 0 0
0 0 0 0 0 0 2 1 2 1 2 2 2 5 0 0 0 0 0
