0 0 0 0 5 5 10 0 0 0 6 1 1 23 22 21 23 23 23 23 23 1 1 9 8 0 6 0 0 0 0 0 0
0 0 0 0 4 1 4 2 4 1 4 1 2 5 0 1 1 9 8
0 0 0 0 4 1 0 0 4 1 4 2 2 5 15 0 0 0 0
0 0 0 0 4 1 0 0 4 1 0 0 2 5 15 1 1 9 9
0 0 0 0 4 1 0 0 4 1 0 0 2 5 15 0 0 0 0
0 0 0 0 4 1 4 1 0 0 0 0 2 5 0 0 0 0 0
0 0 0 0 4 1 0 0 4 2 4 1 2 5 0 0 0 0 0
0 0 0 0 4 1 0 0 4 1 0 0 2 5 15 0 0 0 0
0 0 0 0 4 1 4 2 4 1 0 0 2 5 15 0 0 0 0
0 0 0 0 4 1 4 1 4 1 4 2 2 5 0 1 1 9 13
0 0 0 0 0 0 4 1 4 2 4 1 2 5 15 0 0 0 0
0 0 0 0 4 2 4 1 0 0 4 1 2 5 15 0 0 0 0
0 0 0 0 4 1 0 0 4 1 4 1 2 5 15 0 0 0 0
0 0 0 0 4 1 4 2 4 1 0 0 2 5 0 1 1 9 11
0 0 0 0 4 1 0 0 4 1 4 2 2 5 0 0 0 0 0
0 0 0 0 4 2 4 1 0 0 0 0 2 5 15 0 0 0 0
0 0 0 0 0 0 4 1 4 2 4 1 2 5 0 0 0 0 0
0 0 0 0 4 1 0 0 4 1 4 1 2 5 0 1 1 9 12
0 0 0 0 4 1 0 0 4 1 0 0 2 5 15 0 0 0 0
0 0 0 0 4 1 4 2 4 1 0 0 2 5 15 0 0 0 0
0 0 0 0 0 0 4 1 4 2 4 2 2 5 0 0 0 0 0
0 0 0 0 4 2 0 0 4 1 4 1 2 5 0 1 1 9 10
0 0 0 0 4 1 0 0 4 1 0 0 2 5 15 0 0 0 0
0 0 0 0 4 1 0 0 4 1 0 0 2 5 15 0 0 0 0
0 0 0 0 4 1 0 0 4 1 0 0 2 5 0 0 0 0 0
0 0 0 0 4 2 4 1 4 1 0 0 2 5 15 0 0 0 0
