0 0 0 0 20 23 2 2 3 8 9 19 19 1 5 1 26 25 24 1 5 1 1 3 23 0 22 0 0 0 0 0 0
0 0 0 0 2 1 0 0 0 0 2 1 1 4 0 0 0 0 0
0 0 0 0 2 1 1 1 0 0 0 0 1 4 0 0 0 0 0
0 0 0 0 2 1 2 2 0 0 1 1 1 4 0 0 0 0 0
0 0 0 0 2 1 1 1 1 1 2 2 1 4 0 0 0 0 0
0 0 0 0 2 1 1 1 0 0 1 1 1 4 0 0 0 0 0
0 0 0 0 1 1 1 2 0 0 1 1 1 4 0 1 1 3 31
0 0 0 0 2 1 0 0 0 0 1 2 1 4 0 0 0 0 0
0 0 0 0 2 1 1 3 0 0 0 0 1 4 0 1 1 3 27
0 0 0 0 2 1 0 0 0 0 1 3 1 3 0 0 0 0 0
0 0 0 0 2 1 0 0 1 1 0 0 1 3 0 0 0 0 0
0 0 0 0 2 1 0 0 0 0 0 0 1 3 0 0 0 0 0
0 0 0 0 2 1 0 0 0 0 0 0 1 3 0 0 0 0 0
0 0 0 0 2 1 1 2 1 1 0 0 1 3 0 0 0 0 0
0 0 0 0 2 1 2 1 1 1 1 2 1 3 0 31 31 31 31
0 0 0 0 1 1 0 0 0 0 2 1 0 3 0 1 1 4 2
0 0 0 0 1 1 0 0 0 0 0 0 0 3 0 0 0 0 0
0 0 0 0 1 1 0 0 0 0 0 0 0 3 0 0 0 0 0
0 0 0 0 1 1 1 1 0 0 0 0 0 3 0 0 0 0 0
0 0 0 0 0 0 0 0 0 0 1 1 0 3 0 0 0 0 0
0 0 0 0 0 0 0 0 0 0 0 0 0 3 0 0 0 0 0
0 0 0 0 0 0 0 0 1 1 2 1 1 4 0 0 0 0 0
0 0 0 0 0 0 1 1 2 2 0 0 1 4 0 1 1 3 30
0 0 0 0 0 0 0 0 0 0 1 1 1 4 0 0 0 0 0
0 0 0 0 1 1 0 0 2 1 0 0 1 4 0 0 0 0 0
0 0 0 0 0 0 1 1 0 0 0 0 1 4 0 0 0 0 0
0 0 0 0 0 0 1 1 1 1 1 1 1 4 0 0 0 0 0
0 0 0 0 0 0 0 0 0 0 1 1 1 4 0 0 0 0 0
0 0 0 0 0 0 1 1 1 1 0 0 1 4 0 0 0 0 0
0 0 0 0 0 0 1 1 0 0 1 1 1 3 0 0 0 0 0
0 0 0 0 1 1 1 1 2 2 1 1 1 3 0 1 1 3 26
0 0 0 0 0 0 0 0 0 0 1 1 1 3 0 0 0 0 0
0 0 0 0 0 0 1 1 0 0 0 0 1 3 0 0 0 0 0
0 0 0 0 1 1 0 0 0 0 1 1 1 3 0 0 0 0 0
0 0 0 0 1 1 2 1 0 0 0 0 1 3 0 0 0 0 0
0 0 0 0 0 0 0 0 0 0 2 1 0 3 0 0 0 0 0
0 0 0 0 0 0 0 0 2 2 0 0 0 3 0 0 0 0 0
0 0 0 0 0 0 0 0 2 1 0 0 0 3 0 0 0 0 0
0 0 0 0 0 0 1 1 0 0 0 0 0 3 0 0 0 0 0
0 0 0 0 0 0 0 0 1 1 1 1 0 1 0 0 0 0 0
0 0 0 0 0 0 0 0 0 0 0 0 0 1 0 0 0 0 0
0 0 0 0 1 1 2 1 0 0 0 0 1 4 0 0 0 0 0
0 0 0 0 2 2 0 0 0 0 2 1 1 4 0 0 0 0 0
0 0 0 0 0 0 2 1 1 1 0 0 1 4 0 0 0 0 0
0 0 0 0 2 1 2 1 4 2 2 1 1 5 0 1 1 3 29
0 0 0 0 0 0 0 0 0 0 2 1 1 4 0 0 0 0 0
0 0 0 0 1 1 0 0 2 1 0 0 1 4 0 0 0 0 0
0 0 0 0 0 0 1 2 0 0 0 0 1 4 0 0 0 0 0
0 0 0 0 1 1 1 1 1 1 1 2 1 4 0 0 0 0 0
0 0 0 0 0 0 1 1 1 1 1 1 1 3 0 0 0 0 0
0 0 0 0 2 2 0 0 0 0 1 1 1 3 0 0 0 0 0
0 0 0 0 0 0 0 0 0 0 0 0 1 3 0 0 0 0 0
0 0 0 0 0 0 1 2 2 1 0 0 1 3 0 0 0 0 0
0 0 0 0 0 0 0 0 1 1 1 2 1 3 0 0 0 0 0
0 0 0 0 0 0 2 1 2 2 0 0 1 3 0 0 0 0 0
0 0 0 0 0 0 2 1 0 0 2 1 0 3 0 0 0 0 0
0 0 0 0 2 2 0 0 2 1 2 1 1 3 0 0 0 0 0
0 0 0 0 2 1 2 1 0 0 0 0 1 3 0 0 0 0 0
0 0 0 0 0 0 1 2 0 0 2 1 0 3 0 0 0 0 0
0 0 0 0 1 1 1 1 2 1 1 2 1 3 0 0 0 0 0
0 0 0 0 0 0 0 0 0 0 1 1 0 3 0 0 0 0 0
0 0 0 0 0 0 2 1 0 0 0 0 1 4 0 0 0 0 0
0 0 0 0 0 0 1 1 1 1 2 1 1 4 0 0 0 0 0
0 0 0 0 1 1 2 2 0 0 1 1 1 5 0 0 0 0 0
0 0 0 0 4 1 2 1 0 0 2 2 1 5 0 1 1 3 28
0 0 0 0 0 0 2 1 0 0 2 1 1 4 0 0 0 0 0
0 0 0 0 2 1 2 1 2 2 2 1 1 4 0 0 0 0 0
0 0 0 0 0 0 1 1 0 0 2 1 1 4 0 0 0 0 0
0 0 0 0 1 1 1 1 1 2 1 1 1 4 0 0 0 0 0
0 0 0 0 1 1 0 0 0 0 1 1 1 3 0 0 0 0 0
0 0 0 0 0 0 0 0 0 0 0 0 1 3 0 0 0 0 0
0 0 0 0 0 0 2 1 0 0 0 0 1 3 0 0 0 0 0
0 0 0 0 2 1 0 0 2 1 2 1 1 3 0 0 0 0 0
0 0 0 0 1 1 0 0 2 1 0 0 1 3 0 0 0 0 0
0 0 0 0 2 2 2 1 0 0 0 0 1 3 0 0 0 0 0
0 0 0 0 0 0 0 0 0 0 2 1 0 3 0 0 0 0 0
0 0 0 0 2 1 2 1 0 0 0 0 0 3 0 0 0 0 0
0 0 0 0 0 0 2 1 0 0 2 1 1 3 0 0 0 0 0
0 0 0 0 0 0 2 1 0 0 2 1 0 3 0 0 0 0 0
0 0 0 0 2 1 2 1 0 0 2 1 1 3 0 0 0 0 0
0 0 0 0 0 0 0 0 0 0 2 1 0 3 0 0 0 0 0
0 0 0 0 0 0 2 1 0 0 0 0 1 5 0 0 0 0 0
0 0 0 0 1 1 0 0 0 0 2 1 1 5 0 0 0 0 0
0 0 0 0 0 0 2 1 0 0 0 0 1 5 0 0 0 0 0
0 0 0 0 0 0 2 1 2 1 2 1 1 5 0 0 0 0 0
0 0 0 0 0 0 2 1 2 2 2 1 1 4 0 0 0 0 0
0 0 0 0 2 2 0 0 2 2 2 1 1 4 0 0 0 0 0
0 0 0 0 0 0 0 0 0 0 0 0 1 4 0 0 0 0 0
0 0 0 0 1 2 1 1 1 2 0 0 1 4 0 0 0 0 0
0 0 0 0 0 0 0 0 0 0 1 1 1 3 0 0 0 0 0
0 0 0 0 0 0 0 0 0 0 0 0 1 3 0 0 0 0 0
0 0 0 0 0 0 1 2 0 0 0 0 1 3 0 0 0 0 0
0 0 0 0 2 1 2 1 2 1 1 2 1 3 0 0 0 0 0
0 0 0 0 2 1 1 2 2 1 2 1 1 3 0 0 0 0 0
0 0 0 0 0 0 2 1 0 0 1 2 1 3 0 0 0 0 0
0 0 0 0 0 0 0 0 0 0 2 1 0 3 0 0 0 0 0
0 0 0 0 0 0 2 1 2 1 0 0 0 3 0 0 0 0 0
0 0 0 0 0 0 2 1 0 0 2 1 1 3 0 0 0 0 0
0 0 0 0 0 0 2 1 0 0 2 1 0 3 0 0 0 0 0
0 0 0 0 0 0 2 1 2 2 2 1 1 3 0 0 0 0 0
0 0 0 0 0 0 0 0 1 1 2 1 0 3 0 0 0 0 0
0 0 0 0 0 0 2 1 2 1 0 0 1 5 0 0 0 0 0
0 0 0 0 0 0 0 0 2 1 2 1 1 5 0 0 0 0 0
0 0 0 0 0 0 0 0 2 1 0 0 1 5 0 0 0 0 0
0 0 0 0 2 1 0 0 2 1 0 0 1 5 0 0 0 0 0
0 0 0 0 2 2 2 1 2 1 0 0 1 5 0 0 0 0 0
0 0 0 0 2 2 2 1 2 1 2 1 1 4 0 0 0 0 0
0 0 0 0 0 0 1 1 2 1 2 1 1 4 0 0 0 0 0
0 0 0 0 1 2 1 1 2 1 1 1 1 4 0 0 0 0 0
0 0 0 0 0 0 0 0 2 2 1 1 1 3 0 1 1 3 25
0 0 0 0 0 0 0 0 2 2 0 0 1 3 0 1 1 3 25
0 0 0 0 0 0 2 1 2 2 0 0 1 3 0 1 1 3 25
0 0 0 0 2 1 0 0 2 1 2 1 1 3 0 0 0 0 0
0 0 0 0 2 1 0 0 2 1 0 0 1 3 0 0 0 0 0
0 0 0 0 0 0 2 1 2 1 0 0 1 3 0 0 0 0 0
0 0 0 0 0 0 2 1 0 0 2 1 0 3 0 0 0 0 0
0 0 0 0 2 1 2 2 2 2 2 1 1 2 0 0 0 0 0
0 0 0 0 0 0 2 1 2 1 2 2 1 3 0 0 0 0 0
0 0 0 0 0 0 0 0 0 0 2 1 0 3 0 0 0 0 0
0 0 0 0 2 2 1 1 0 0 0 0 0 3 0 0 0 0 0
0 0 0 0 1 1 1 1 0 0 1 1 0 3 0 0 0 0 0
0 0 0 0 2 1 0 0 0 0 1 1 0 1 0 0 0 0 0
0 0 0 0 2 1 0 0 0 0 0 0 0 3 0 0 0 0 0
0 0 0 0 2 1 0 0 0 0 0 0 0 3 0 1 1 4 1
0 0 0 0 2 1 0 0 0 0 0 0 0 3 0 0 0 0 0
0 0 0 0 2 1 0 0 0 0 0 0 0 3 0 0 0 0 0
0 0 0 0 2 1 0 0 0 0 0 0 0 3 0 0 0 0 0
0 0 0 0 2 1 0 0 0 0 0 0 0 3 0 0 0 0 0
0 0 0 0 2 1 0 0 0 0 0 0 0 3 0 0 0 0 0
0 0 0 0 2 2 0 0 0 0 0 0 0 3 0 0 0 0 0
0 0 0 0 2 2 0 0 0 0 0 0 0 3 0 0 0 0 0
0 0 0 0 2 2 0 0 0 0 0 0 0 3 0 0 0 0 0
0 0 0 0 2 1 0 0 0 0 0 0 0 3 0 0 0 0 0
0 0 0 0 2 1 0 0 0 0 0 0 0 3 0 0 0 0 0
0 0 0 0 2 1 0 0 0 0 0 0 0 3 0 0 0 0 0
0 0 0 0 0 0 0 0 0 0 0 0 0 3 0 0 0 0 0
0 0 0 0 2 2 0 0 0 0 0 0 0 3 0 0 0 0 0
0 0 0 0 2 1 0 0 0 0 0 0 0 3 0 0 0 0 0
0 0 0 0 0 0 0 0 0 0 0 0 0 3 0 0 0 0 0
0 0 0 0 0 0 1 1 0 0 0 0 0 3 0 0 0 0 0
0 0 0 0 0 0 1 1 0 0 1 1 0 3 0 0 0 0 0
0 0 0 0 0 0 0 0 0 0 1 2 0 1 0 0 0 0 0
0 0 0 0 0 0 0 0 0 0 0 0 0 3 0 0 0 0 0
0 0 0 0 0 0 0 0 0 0 0 0 0 3 0 1 1 4 1
0 0 0 0 0 0 0 0 0 0 0 0 0 3 0 0 0 0 0
0 0 0 0 0 0 0 0 0 0 0 0 0 3 0 0 0 0 0
0 0 0 0 0 0 0 0 0 0 0 0 0 3 0 0 0 0 0
0 0 0 0 0 0 0 0 0 0 0 0 0 3 0 0 0 0 0
0 0 0 0 0 0 0 0 0 0 0 0 0 3 0 0 0 0 0
0 0 0 0 0 0 0 0 0 0 0 0 0 3 0 0 0 0 0
0 0 0 0 0 0 0 0 0 0 0 0 0 3 0 0 0 0 0
0 0 0 0 0 0 0 0 0 0 0 0 0 3 0 0 0 0 0
0 0 0 0 0 0 0 0 0 0 0 0 0 3 0 0 0 0 0
0 0 0 0 0 0 0 0 0 0 0 0 0 3 0 0 0 0 0
0 0 0 0 0 0 0 0 0 0 0 0 0 3 0 0 0 0 0
0 0 0 0 0 0 0 0 0 0 0 0 0 3 0 0 0 0 0
0 0 0 0 0 0 0 0 0 0 0 0 0 3 0 0 0 0 0
0 0 0 0 0 0 0 0 0 0 0 0 0 3 0 0 0 0 0
0 0 0 0 0 0 0 0 0 0 0 0 0 3 0 0 0 0 0
0 0 0 0 0 0 1 1 0 0 0 0 0 3 0 0 0 0 0
0 0 0 0 0 0 1 1 0 0 1 1 0 3 0 0 0 0 0
0 0 0 0 0 0 0 0 1 1 1 1 0 1 0 0 0 0 0
0 0 0 0 0 0 0 0 1 1 0 0 0 3 0 0 0 0 0
0 0 0 0 0 0 0 0 1 1 0 0 0 3 0 1 1 4 1
0 0 0 0 0 0 0 0 0 0 0 0 0 3 0 0 0 0 0
0 0 0 0 0 0 0 0 1 1 0 0 0 3 0 0 0 0 0
0 0 0 0 0 0 0 0 1 1 0 0 0 3 0 0 0 0 0
0 0 0 0 0 0 0 0 0 0 0 0 0 3 0 0 0 0 0
0 0 0 0 0 0 0 0 0 0 0 0 0 3 15 0 0 0 0
0 0 0 0 0 0 0 0 0 0 0 0 0 3 0 0 0 0 0
0 0 0 0 0 0 0 0 0 0 0 0 0 3 0 0 0 0 0
0 0 0 0 0 0 0 0 0 0 0 0 0 3 0 0 0 0 0
0 0 0 0 0 0 0 0 0 0 0 0 0 3 15 0 0 0 0
0 0 0 0 0 0 0 0 1 1 0 0 0 3 0 0 0 0 0
0 0 0 0 0 0 0 0 1 1 0 0 0 3 0 0 0 0 0
0 0 0 0 0 0 0 0 0 0 0 0 0 3 0 0 0 0 0
0 0 0 0 0 0 0 0 2 1 0 0 0 3 0 0 0 0 0
0 0 0 0 0 0 0 0 2 2 0 0 0 3 0 1 1 4 7
0 0 0 0 0 0 0 0 0 0 0 0 0 3 0 0 0 0 0
0 0 0 0 0 0 1 1 0 0 0 0 0 3 0 0 0 0 0
0 0 0 0 0 0 1 1 0 0 1 1 0 3 0 0 0 0 0
0 0 0 0 1 1 1 1 0 0 1 1 0 3 15 0 0 0 0
0 0 0 0 1 1 0 0 0 0 1 1 1 2 0 0 0 0 0
0 0 0 0 1 1 2 2 2 2 0 0 1 2 0 0 0 0 0
0 0 0 0 0 0 1 1 0 0 2 2 0 3 15 0 0 0 0
0 0 0 0 1 1 0 0 0 0 1 1 1 2 0 0 0 0 0
0 0 0 0 1 1 1 1 0 0 0 0 1 2 0 0 0 0 0
0 0 0 0 0 0 0 0 2 1 1 1 0 3 0 0 0 0 0
0 0 0 0 0 0 0 0 0 0 0 0 0 3 0 0 0 0 0
0 0 0 0 0 0 0 0 2 1 0 0 0 3 0 0 0 0 0
0 0 0 0 0 0 0 0 0 0 0 0 0 3 0 0 0 0 0
0 0 0 0 0 0 0 0 2 1 0 0 0 3 0 0 0 0 0
0 0 0 0 0 0 1 1 0 0 0 0 0 3 0 0 0 0 0
0 0 0 0 1 1 2 2 1 1 1 1 1 2 0 31 31 31 31
0 0 0 0 1 1 1 2 2 2 2 2 1 2 0 1 1 4 3
0 0 0 0 0 0 2 1 0 0 1 2 0 3 0 1 1 4 5
0 0 0 0 2 1 2 2 0 0 2 1 1 2 0 31 31 31 28
0 0 0 0 2 2 2 1 2 1 2 2 1 2 0 1 1 4 4
0 0 0 0 0 0 0 0 2 1 2 1 0 3 0 0 0 0 0
0 0 0 0 0 0 1 1 0 0 0 0 0 3 0 0 0 0 0
0 0 0 0 0 0 1 1 0 0 1 1 0 3 0 0 0 0 0
0 0 0 0 0 0 1 1 0 0 1 1 0 3 15 0 0 0 0
0 0 0 0 0 0 1 1 0 0 1 1 1 2 0 0 0 0 0
0 0 0 0 2 2 1 1 0 0 1 1 1 2 15 0 0 0 0
0 0 0 0 0 0 2 2 0 0 1 1 0 3 0 0 0 0 0
0 0 0 0 0 0 0 0 1 1 2 2 1 2 0 0 0 0 0
0 0 0 0 0 0 1 2 1 1 0 0 1 2 0 0 0 0 0
0 0 0 0 2 1 2 1 0 0 1 2 1 3 0 0 0 0 0
0 0 0 0 0 0 2 1 0 0 2 1 0 3 0 0 0 0 0
0 0 0 0 2 1 2 1 0 0 2 1 1 2 0 0 0 0 0
0 0 0 0 0 0 2 1 2 2 2 1 0 3 0 1 1 4 8
0 0 0 0 2 1 2 1 0 0 2 1 1 2 0 0 0 0 0
0 0 0 0 0 0 0 0 0 0 2 1 0 3 0 0 0 0 0
0 0 0 0 1 1 1 1 0 0 0 0 0 3 0 0 0 0 0
0 0 0 0 2 2 1 1 1 1 1 1 1 2 0 31 31 31 31
0 0 0 0 0 0 2 1 0 0 1 1 0 3 0 0 0 0 0
0 0 0 0 0 0 2 1 2 1 2 1 1 2 0 0 0 0 0
0 0 0 0 2 1 0 0 0 0 2 1 1 3 0 0 0 0 0
0 0 0 0 2 1 2 1 2 1 0 0 1 3 0 0 0 0 0
0 0 0 0 0 0 1 1 0 0 2 1 0 3 0 0 0 0 0
0 0 0 0 0 0 1 1 0 0 1 1 0 3 15 0 0 0 0
0 0 0 0 0 0 1 1 0 0 1 1 0 3 15 0 0 0 0
0 0 0 0 0 0 1 1 0 0 1 1 1 2 0 0 0 0 0
0 0 0 0 0 0 1 1 1 1 1 1 1 2 15 0 0 0 0
0 0 0 0 0 0 2 1 0 0 1 1 0 3 0 0 0 0 0
0 0 0 0 1 1 0 0 2 1 2 1 1 3 0 0 0 0 0
0 0 0 0 1 1 0 0 2 1 0 0 1 3 0 0 0 0 0
0 0 0 0 0 0 2 1 2 2 0 0 1 3 0 0 0 0 0
0 0 0 0 0 0 2 1 0 0 2 1 0 3 0 0 0 0 0
0 0 0 0 0 0 2 2 2 1 2 1 1 2 0 31 31 31 27
0 0 0 0 2 2 2 2 2 1 2 2 1 2 0 0 0 0 0
0 0 0 0 0 0 2 1 2 1 2 2 1 2 0 1 1 4 9
0 0 0 0 0 0 0 0 0 0 2 1 0 3 0 0 0 0 0
0 0 0 0 0 0 0 0 2 1 0 0 0 3 0 0 0 0 0
0 0 0 0 1 1 0 0 2 1 0 0 0 3 0 0 0 0 0
0 0 0 0 0 0 0 0 0 0 0 0 0 3 0 0 0 0 0
0 0 0 0 2 1 2 2 0 0 0 0 0 3 0 0 0 0 0
0 0 0 0 0 0 2 1 0 0 2 2 1 3 0 0 0 0 0
0 0 0 0 2 1 2 1 2 2 2 1 1 3 0 0 0 0 0
0 0 0 0 0 0 1 1 0 0 2 1 0 3 0 0 0 0 0
0 0 0 0 0 0 1 1 0 0 1 1 0 3 0 0 0 0 0
0 0 0 0 0 0 1 1 0 0 1 1 0 3 15 0 0 0 0
0 0 0 0 0 0 0 0 1 1 1 1 1 2 0 0 0 0 0
0 0 0 0 1 1 2 2 1 1 0 0 1 2 0 0 0 0 0
0 0 0 0 0 0 0 0 0 0 2 2 0 3 0 0 0 0 0
0 0 0 0 2 1 0 0 0 0 0 0 0 3 0 0 0 0 0
0 0 0 0 2 1 2 1 0 0 0 0 0 3 0 0 0 0 0
0 0 0 0 2 2 2 1 2 1 2 1 1 2 0 0 0 0 0
0 0 0 0 0 0 0 0 0 0 2 1 0 3 0 0 0 0 0
0 0 0 0 2 1 0 0 1 1 0 0 0 3 0 0 0 0 0
0 0 0 0 2 1 0 0 0 0 0 0 0 3 0 0 0 0 0
0 0 0 0 2 1 0 0 2 1 0 0 0 3 0 0 0 0 0
0 0 0 0 0 0 2 1 0 0 0 0 0 3 0 0 0 0 0
0 0 0 0 2 1 0 0 1 2 2 1 1 2 0 0 0 0 0
0 0 0 0 2 1 2 1 0 0 0 0 1 2 0 0 0 0 0
0 0 0 0 0 0 0 0 0 0 2 1 0 3 0 0 0 0 0
0 0 0 0 0 0 2 1 0 0 0 0 0 3 0 0 0 0 0
0 0 0 0 0 0 0 0 2 1 2 1 1 3 0 0 0 0 0
0 0 0 0 2 2 2 1 2 1 0 0 1 3 0 0 0 0 0
0 0 0 0 0 0 1 1 0 0 2 1 0 3 0 0 0 0 0
0 0 0 0 0 0 1 1 0 0 1 1 0 3 0 0 0 0 0
0 0 0 0 0 0 0 0 0 0 1 1 0 3 0 0 0 0 0
0 0 0 0 1 1 0 0 1 1 0 0 0 3 0 0 0 0 0
0 0 0 0 1 1 0 0 0 0 0 0 0 3 0 0 0 0 0
0 0 0 0 0 0 0 0 0 0 0 0 0 3 0 0 0 0 0
0 0 0 0 0 0 0 0 0 0 0 0 0 3 0 0 0 0 0
0 0 0 0 0 0 0 0 0 0 0 0 0 3 0 0 0 0 0
0 0 0 0 2 1 0 0 1 1 0 0 0 3 0 0 0 0 0
0 0 0 0 0 0 1 1 1 1 0 0 0 3 0 0 0 0 0
0 0 0 0 1 1 1 1 0 0 1 1 1 2 0 0 0 0 0
0 0 0 0 0 0 2 1 0 0 1 1 0 3 0 0 0 0 0
0 0 0 0 2 1 2 2 2 1 2 1 1 2 0 1 1 4 10
0 0 0 0 0 0 1 1 0 0 2 2 0 3 0 0 0 0 0
0 0 0 0 1 2 1 1 1 2 1 1 1 2 15 0 0 0 0
0 0 0 0 0 0 2 1 2 1 1 1 1 2 0 0 0 0 0
0 0 0 0 0 0 0 0 0 0 2 1 0 3 0 0 0 0 0
0 0 0 0 0 0 0 0 2 1 0 0 0 3 0 0 0 0 0
0 0 0 0 2 1 0 0 2 1 0 0 0 3 0 0 0 0 0
0 0 0 0 2 1 0 0 2 1 0 0 0 3 0 0 0 0 0
0 0 0 0 0 0 1 1 0 0 0 0 0 3 0 0 0 0 0
0 0 0 0 0 0 1 1 0 0 1 1 0 3 0 0 0 0 0
0 0 0 0 0 0 1 2 0 0 1 1 0 3 0 0 0 0 0
0 0 0 0 1 1 1 1 1 1 1 2 1 5 0 0 0 0 0
0 0 0 0 0 0 0 0 0 0 1 1 0 3 0 0 0 0 0
0 0 0 0 0 0 0 0 0 0 0 0 0 3 0 0 0 0 0
0 0 0 0 0 0 0 0 0 0 0 0 0 3 0 0 0 0 0
0 0 0 0 0 0 1 1 0 0 0 0 0 3 0 0 0 0 0
0 0 0 0 1 1 0 0 1 2 1 1 1 2 0 0 0 0 0
0 0 0 0 1 1 0 0 1 1 0 0 1 2 15 0 0 0 0
0 0 0 0 0 0 1 1 1 1 0 0 1 2 0 0 0 0 0
0 0 0 0 0 0 0 0 0 0 1 1 0 3 0 0 0 0 0
0 0 0 0 2 1 0 0 2 1 0 0 0 3 0 0 0 0 0
0 0 0 0 0 0 0 0 2 2 0 0 0 3 0 0 0 0 0
0 0 0 0 1 2 0 0 2 1 0 0 0 3 0 0 0 0 0
0 0 0 0 2 1 0 0 0 0 0 0 0 3 0 0 0 0 0
0 0 0 0 0 0 2 1 0 0 0 0 0 3 0 0 0 0 0
0 0 0 0 2 1 0 0 2 1 2 1 1 3 0 0 0 0 0
0 0 0 0 2 1 2 2 0 0 0 0 1 3 0 0 0 0 0
0 0 0 0 2 1 2 1 2 2 2 2 1 2 0 1 1 3 23
0 0 0 0 0 0 1 1 0 0 2 1 0 3 0 0 0 0 0
0 0 0 0 0 0 1 1 0 0 1 1 0 3 15 0 0 0 0
0 0 0 0 0 0 0 0 1 1 1 1 0 3 0 0 0 0 0
0 0 0 0 1 1 0 0 1 1 0 0 0 3 0 0 0 0 0
0 0 0 0 0 0 0 0 0 0 0 0 0 3 0 0 0 0 0
0 0 0 0 0 0 0 0 2 1 0 0 0 3 0 0 0 0 0
0 0 0 0 0 0 0 0 2 2 0 0 0 3 0 0 0 0 0
0 0 0 0 0 0 0 0 2 1 0 0 0 3 0 0 0 0 0
0 0 0 0 1 2 0 0 0 0 0 0 0 3 0 0 0 0 0
0 0 0 0 1 1 0 0 0 0 0 0 0 3 0 0 0 0 0
0 0 0 0 1 1 0 0 2 1 0 0 0 3 0 0 0 0 0
0 0 0 0 0 0 2 1 0 0 0 0 0 3 0 0 0 0 0
0 0 0 0 2 1 0 0 2 2 2 1 1 2 0 0 0 0 0
0 0 0 0 2 2 2 2 2 1 0 0 1 2 0 0 0 0 0
0 0 0 0 2 1 2 1 2 2 2 2 1 3 0 0 0 0 0
0 0 0 0 0 0 0 0 0 0 2 1 0 3 0 0 0 0 0
0 0 0 0 0 0 2 1 0 0 0 0 0 3 15 0 0 0 0
0 0 0 0 2 1 2 2 0 0 2 1 1 3 0 0 0 0 0
0 0 0 0 0 0 0 0 1 2 2 2 1 3 0 0 0 0 0
0 0 0 0 2 2 2 1 0 0 0 0 1 3 0 0 0 0 0
0 0 0 0 0 0 1 1 0 0 2 1 0 3 0 0 0 0 0
0 0 0 0 0 0 1 1 0 0 1 1 0 3 0 0 0 0 0
0 0 0 0 1 1 0 0 0 0 1 1 1 4 0 0 0 0 0
0 0 0 0 1 1 1 2 0 0 0 0 1 4 0 0 0 0 0
0 0 0 0 0 0 2 1 0 0 1 2 0 3 0 0 0 0 0
0 0 0 0 2 1 0 0 2 1 2 1 1 3 0 0 0 0 0
0 0 0 0 2 2 0 0 2 1 0 0 1 3 0 0 0 0 0
0 0 0 0 2 1 2 1 2 1 0 0 1 3 0 0 0 0 0
0 0 0 0 0 0 0 0 0 0 2 1 0 3 0 0 0 0 0
0 0 0 0 0 0 2 2 2 1 0 0 0 3 0 0 0 0 0
0 0 0 0 2 1 2 1 0 0 2 2 1 2 0 1 1 4 4
0 0 0 0 0 0 2 1 0 0 2 1 0 3 0 0 0 0 0
0 0 0 0 2 2 0 0 2 1 2 1 1 3 0 0 0 0 0
0 0 0 0 2 1 2 1 2 2 0 0 1 3 0 0 0 0 0
0 0 0 0 2 2 2 1 2 1 2 1 1 3 0 0 0 0 0
0 0 0 0 0 0 0 0 0 0 2 1 0 3 0 0 0 0 0
0 0 0 0 0 0 2 1 0 0 0 0 0 3 0 0 0 0 0
0 0 0 0 0 0 1 1 2 2 2 1 1 3 0 0 0 0 0
0 0 0 0 1 2 1 1 0 0 1 1 1 2 0 0 0 0 0
0 0 0 0 0 0 2 2 1 1 1 1 1 3 0 0 0 0 0
0 0 0 0 0 0 1 1 0 0 2 2 0 3 0 0 0 0 0
0 0 0 0 0 0 1 1 0 0 1 1 0 3 0 0 0 0 0
0 0 0 0 0 0 0 0 1 1 1 1 1 4 0 0 0 0 0
0 0 0 0 0 0 1 1 1 1 0 0 1 4 0 0 0 0 0
0 0 0 0 0 0 2 2 0 0 1 1 0 3 0 1 1 4 6
0 0 0 0 2 1 0 0 2 1 2 2 1 2 0 1 1 4 4
0 0 0 0 2 1 2 1 2 1 0 0 1 2 0 31 31 31 30
0 0 0 0 2 1 0 0 0 0 2 1 0 3 0 0 0 0 0
0 0 0 0 0 0 2 1 0 0 0 0 0 3 0 0 0 0 0
0 0 0 0 2 1 0 0 2 1 2 1 1 2 0 0 0 0 0
0 0 0 0 0 0 2 1 2 1 0 0 1 2 0 31 31 31 29
0 0 0 0 0 0 0 0 0 0 2 1 0 3 0 0 0 0 0
0 0 0 0 2 1 0 0 1 1 0 0 0 3 0 0 0 0 0
0 0 0 0 2 2 0 0 1 1 0 0 0 3 15 0 0 0 0
0 0 0 0 2 1 0 0 1 1 0 0 0 3 0 0 0 0 0
0 0 0 0 0 0 0 0 0 0 0 0 0 3 0 0 0 0 0
0 0 0 0 0 0 0 0 0 0 0 0 0 3 0 0 0 0 0
0 0 0 0 2 2 1 1 0 0 0 0 0 3 0 0 0 0 0
0 0 0 0 0 0 0 0 1 1 1 1 1 2 0 0 0 0 0
0 0 0 0 1 1 1 1 1 1 0 0 1 2 0 0 0 0 0
0 0 0 0 0 0 1 1 0 0 1 1 0 3 0 0 0 0 0
0 0 0 0 0 0 1 1 1 1 1 1 0 3 0 0 0 0 0
0 0 0 0 1 1 0 0 1 2 1 1 0 3 0 1 1 4 11
0 0 0 0 1 1 0 0 1 1 0 0 0 3 0 0 0 0 0
0 0 0 0 0 0 0 0 2 1 0 0 0 3 15 0 0 0 0
0 0 0 0 2 1 0 0 2 1 0 0 0 3 0 0 0 0 0
0 0 0 0 2 1 0 0 0 0 0 0 0 3 0 0 0 0 0
0 0 0 0 0 0 0 0 0 0 0 0 0 3 0 0 0 0 0
0 0 0 0 0 0 0 0 0 0 0 0 0 3 0 0 0 0 0
0 0 0 0 2 1 0 0 0 0 0 0 0 3 0 0 0 0 0
0 0 0 0 2 1 0 0 0 0 0 0 0 3 0 0 0 0 0
0 0 0 0 0 0 1 2 0 0 0 0 0 3 0 0 0 0 0
0 0 0 0 1 1 0 0 1 1 1 2 1 3 0 0 0 0 0
0 0 0 0 1 1 0 0 1 2 0 0 1 3 0 0 0 0 0
0 0 0 0 1 1 1 1 1 1 0 0 1 3 0 0 0 0 0
0 0 0 0 0 0 0 0 0 0 1 1 0 3 0 0 0 0 0
0 0 0 0 0 0 0 0 0 0 0 0 0 3 0 0 0 0 0
0 0 0 0 0 0 0 0 0 0 0 0 0 3 0 0 0 0 0
0 0 0 0 1 1 0 0 0 0 0 0 0 3 0 0 0 0 0
0 0 0 0 1 1 0 0 0 0 0 0 0 3 0 0 0 0 0
0 0 0 0 0 0 1 2 0 0 0 0 0 3 0 0 0 0 0
0 0 0 0 1 1 1 2 0 0 1 2 0 1 0 1 1 4 12
0 0 0 0 1 2 1 1 1 1 1 1 1 2 0 1 1 3 24
0 0 0 0 1 1 1 1 1 1 1 1 1 2 0 0 0 0 0
0 0 0 0 2 1 0 0 2 1 1 1 1 2 0 0 0 0 0
0 0 0 0 2 1 1 2 2 1 0 0 1 2 0 0 0 0 0
0 0 0 0 0 0 0 0 3 1 1 2 0 3 0 0 0 0 0
0 0 0 0 0 0 0 0 3 1 0 0 0 3 0 0 0 0 0
0 0 0 0 0 0 0 0 3 1 0 0 0 3 0 0 0 0 0
0 0 0 0 0 0 0 0 3 1 0 0 0 3 0 0 0 0 0
0 0 0 0 0 0 0 0 3 1 0 0 0 3 0 0 0 0 0
0 0 0 0 0 0 0 0 3 1 0 0 0 3 0 0 0 0 0
0 0 0 0 1 1 0 0 3 1 0 0 0 3 0 0 0 0 0
0 0 0 0 1 2 0 0 3 1 0 0 0 3 0 0 0 0 0
0 0 0 0 1 1 0 0 3 1 0 0 0 3 0 0 0 0 0
0 0 0 0 0 0 0 0 3 1 0 0 0 3 0 0 0 0 0
0 0 0 0 0 0 0 0 3 1 0 0 0 3 0 0 0 0 0
0 0 0 0 0 0 0 0 3 1 0 0 0 3 0 0 0 0 0
0 0 0 0 0 0 0 0 3 1 0 0 0 3 0 0 0 0 0
0 0 0 0 0 0 0 0 3 1 0 0 0 3 0 0 0 0 0
0 0 0 0 0 0 1 2 3 1 0 0 0 3 0 0 0 0 0
0 0 0 0 0 0 1 2 3 1 1 2 0 3 0 1 1 4 12
0 0 0 0 1 1 0 0 0 0 0 0 0 3 0 0 0 0 0
0 0 0 0 1 1 0 0 0 0 0 0 0 3 0 0 0 0 0
0 0 0 0 2 1 0 0 0 0 0 0 0 3 0 0 0 0 0
0 0 0 0 2 1 0 0 0 0 0 0 0 3 0 0 0 0 0
0 0 0 0 3 1 0 0 0 0 0 0 0 3 0 0 0 0 0
0 0 0 0 3 1 0 0 0 0 0 0 0 3 0 0 0 0 0
0 0 0 0 3 1 0 0 0 0 0 0 0 3 0 0 0 0 0
0 0 0 0 3 1 0 0 0 0 0 0 0 3 0 0 0 0 0
0 0 0 0 3 1 0 0 0 0 0 0 0 3 0 0 0 0 0
0 0 0 0 3 1 0 0 0 0 0 0 0 3 0 0 0 0 0
0 0 0 0 3 1 0 0 0 0 0 0 0 3 0 0 0 0 0
0 0 0 0 3 1 0 0 0 0 0 0 0 3 0 0 0 0 0
0 0 0 0 3 1 0 0 0 0 0 0 0 3 0 0 0 0 0
0 0 0 0 3 1 0 0 0 0 0 0 0 3 0 0 0 0 0
0 0 0 0 3 1 0 0 0 0 0 0 0 3 0 0 0 0 0
0 0 0 0 3 1 0 0 0 0 0 0 0 3 0 0 0 0 0
0 0 0 0 3 1 0 0 0 0 0 0 0 3 0 0 0 0 0
0 0 0 0 3 1 0 0 0 0 0 0 0 3 0 0 0 0 0
0 0 0 0 3 1 0 0 0 0 0 0 0 3 0 0 0 0 0
0 0 0 0 3 1 0 0 0 0 0 0 0 3 0 0 0 0 0
0 0 0 0 0 0 0 0 0 0 0 0 0 3 0 0 0 0 0
0 0 0 0 0 0 0 0 0 0 0 0 0 3 0 0 0 0 0
0 0 0 0 0 0 0 0 0 0 0 0 0 3 0 0 0 0 0
0 0 0 0 0 0 0 0 0 0 0 0 0 3 0 0 0 0 0
0 0 0 0 0 0 0 0 0 0 0 0 0 3 0 0 0 0 0
0 0 0 0 0 0 0 0 0 0 0 0 0 3 0 0 0 0 0
0 0 0 0 0 0 0 0 0 0 0 0 0 3 0 0 0 0 0
0 0 0 0 0 0 0 0 0 0 0 0 0 3 0 0 0 0 0
0 0 0 0 0 0 0 0 0 0 0 0 0 3 0 0 0 0 0
0 0 0 0 0 0 0 0 0 0 0 0 0 3 0 0 0 0 0
0 0 0 0 0 0 0 0 0 0 0 0 0 3 0 0 0 0 0
0 0 0 0 0 0 0 0 0 0 0 0 0 3 0 0 0 0 0
0 0 0 0 0 0 0 0 0 0 0 0 0 3 0 0 0 0 0
0 0 0 0 0 0 0 0 0 0 0 0 0 3 0 0 0 0 0
0 0 0 0 0 0 0 0 0 0 0 0 0 3 0 0 0 0 0
0 0 0 0 0 0 0 0 0 0 0 0 0 3 0 0 0 0 0
0 0 0 0 0 0 0 0 0 0 0 0 0 3 0 0 0 0 0
0 0 0 0 0 0 0 0 0 0 0 0 0 3 0 0 0 0 0
0 0 0 0 0 0 0 0 0 0 0 0 0 3 0 0 0 0 0
0 0 0 0 0 0 0 0 0 0 0 0 0 3 0 0 0 0 0
0 0 0 0 0 0 0 0 0 0 0 0 0 3 0 0 0 0 0
0 0 0 0 0 0 0 0 0 0 0 0 0 3 0 0 0 0 0
0 0 0 0 0 0 0 0 0 0 0 0 0 3 0 0 0 0 0
0 0 0 0 0 0 0 0 0 0 0 0 0 3 0 0 0 0 0
0 0 0 0 0 0 0 0 0 0 0 0 0 3 0 0 0 0 0
0 0 0 0 0 0 0 0 0 0 0 0 0 3 0 0 0 0 0
0 0 0 0 0 0 0 0 0 0 0 0 0 3 0 0 0 0 0
0 0 0 0 0 0 0 0 0 0 0 0 0 3 0 0 0 0 0
0 0 0 0 0 0 0 0 0 0 0 0 0 3 0 0 0 0 0
0 0 0 0 0 0 0 0 0 0 0 0 0 3 0 0 0 0 0
0 0 0 0 0 0 0 0 0 0 0 0 0 3 0 0 0 0 0
0 0 0 0 0 0 0 0 0 0 0 0 0 3 0 0 0 0 0
0 0 0 0 0 0 0 0 0 0 0 0 0 3 0 0 0 0 0
0 0 0 0 0 0 0 0 0 0 0 0 0 3 0 0 0 0 0
0 0 0 0 0 0 0 0 0 0 0 0 0 3 0 0 0 0 0
0 0 0 0 0 0 0 0 0 0 0 0 0 3 0 0 0 0 0
0 0 0 0 0 0 0 0 0 0 0 0 0 3 0 0 0 0 0
0 0 0 0 0 0 0 0 0 0 0 0 0 3 0 0 0 0 0
0 0 0 0 0 0 0 0 0 0 0 0 0 3 0 0 0 0 0
0 0 0 0 0 0 0 0 0 0 0 0 0 3 0 0 0 0 0
