0 0 0 0 14 12 5 1 3 8 9 1 2 3 4 3 4 3 4 3 4 1 1 7 1 0 15 0 0 0 0 0 0
0 0 0 0 2 1 0 0 0 0 2 1 0 3 0 0 0 0 0
0 0 0 0 2 1 1 1 0 0 0 0 0 3 0 0 0 0 0
0 0 0 0 1 1 1 2 1 1 1 1 1 2 0 1 1 7 1
0 0 0 0 1 1 1 1 1 2 1 2 1 2 0 0 0 0 0
0 0 0 0 1 1 0 0 0 0 1 1 1 2 0 0 0 0 0
0 0 0 0 1 1 1 1 0 0 0 0 1 2 0 0 0 0 0
0 0 0 0 2 1 2 2 0 0 1 1 0 3 0 0 0 0 0
0 0 0 0 2 1 2 1 2 1 2 2 2 3 0 31 31 31 28
0 0 0 0 0 0 0 0 0 0 2 1 0 3 0 0 0 0 0
0 0 0 0 0 0 0 0 0 0 0 0 0 3 0 0 0 0 0
0 0 0 0 0 0 0 0 0 0 0 0 0 3 0 0 0 0 0
0 0 0 0 0 0 0 0 0 0 0 0 0 3 0 0 0 0 0
0 0 0 0 0 0 0 0 0 0 0 0 0 3 0 0 0 0 0
0 0 0 0 0 0 0 0 0 0 0 0 0 3 0 0 0 0 0
0 0 0 0 0 0 0 0 0 0 2 2 0 3 0 0 0 0 0
0 0 0 0 0 0 1 1 0 0 0 0 0 3 0 1 1 7 11
0 0 0 0 1 1 0 0 0 0 1 1 0 4 0 0 0 0 0
0 0 0 0 1 2 1 1 0 0 0 0 0 4 0 0 0 0 0
0 0 0 0 0 0 0 0 1 2 1 1 1 2 0 1 1 7 3
0 0 0 0 0 0 1 1 1 1 0 0 1 2 0 0 0 0 0
0 0 0 0 0 0 2 1 0 0 1 1 0 3 0 0 0 0 0
0 0 0 0 2 1 4 2 2 1 2 1 2 3 0 0 0 0 0
0 0 0 0 0 0 0 0 0 0 4 1 0 3 0 0 0 0 0
0 0 0 0 0 0 0 0 0 0 0 0 0 3 0 0 0 0 0
0 0 0 0 0 0 0 0 0 0 0 0 0 3 0 0 0 0 0
0 0 0 0 0 0 0 0 0 0 0 0 0 3 0 0 0 0 0
0 0 0 0 0 0 0 0 0 0 0 0 0 3 0 0 0 0 0
0 0 0 0 0 0 0 0 0 0 0 0 0 3 0 0 0 0 0
0 0 0 0 0 0 0 0 2 1 2 1 0 3 0 0 0 0 0
0 0 0 0 0 0 1 1 0 0 0 0 0 3 0 0 0 0 0
0 0 0 0 0 0 0 0 1 2 1 1 0 4 0 1 1 7 2
0 0 0 0 0 0 1 1 1 2 0 0 0 4 0 1 1 7 2
0 0 0 0 1 2 0 0 0 0 1 1 0 3 0 0 0 0 0
0 0 0 0 1 1 0 0 0 0 0 0 0 3 0 0 0 0 0
0 0 0 0 0 0 3 2 0 0 0 0 0 3 0 0 0 0 0
0 0 0 0 2 1 2 1 0 0 3 2 2 3 0 0 0 0 0
0 0 0 0 0 0 0 0 0 0 2 1 0 3 0 0 0 0 0
0 0 0 0 0 0 0 0 0 0 0 0 0 3 0 0 0 0 0
0 0 0 0 0 0 0 0 2 1 0 0 0 3 0 0 0 0 0
0 0 0 0 0 0 0 0 2 1 0 0 0 3 0 0 0 0 0
0 0 0 0 0 0 0 0 0 0 0 0 0 3 0 0 0 0 0
0 0 0 0 0 0 0 0 0 0 0 0 0 3 0 0 0 0 0
0 0 0 0 2 1 2 2 2 1 2 1 2 3 0 1 1 7 10
0 0 0 0 0 0 0 0 0 0 2 2 0 3 0 0 0 0 0
0 0 0 0 1 2 0 0 0 0 0 0 0 3 0 0 0 0 0
0 0 0 0 1 2 0 0 2 2 0 0 0 3 0 0 0 0 0
0 0 0 0 0 0 0 0 2 2 0 0 0 3 0 0 0 0 0
0 0 0 0 0 0 0 0 0 0 0 0 0 3 0 0 0 0 0
0 0 0 0 0 0 2 2 0 0 0 0 0 3 0 0 0 0 0
0 0 0 0 0 0 2 1 2 2 2 2 2 3 0 0 0 0 0
0 0 0 0 0 0 0 0 0 0 2 1 0 3 0 0 0 0 0
0 0 0 0 0 0 2 1 0 0 0 0 0 3 0 0 0 0 0
0 0 0 0 2 1 0 0 0 0 2 1 1 4 0 0 0 0 0
0 0 0 0 2 1 2 1 0 0 0 0 1 4 0 0 0 0 0
0 0 0 0 0 0 0 0 0 0 2 1 0 3 0 0 0 0 0
0 0 0 0 0 0 0 0 0 0 0 0 0 3 0 0 0 0 0
0 0 0 0 2 1 0 0 1 1 2 1 0 3 0 1 1 7 12
0 0 0 0 0 0 0 0 1 2 0 0 0 3 0 0 0 0 0
0 0 0 0 0 0 2 2 0 0 0 0 0 3 0 0 0 0 0
0 0 0 0 2 2 0 0 0 0 2 2 0 1 0 0 0 0 0
0 0 0 0 2 2 2 2 0 0 0 0 0 1 0 1 1 7 4
0 0 0 0 0 0 0 0 0 0 2 2 0 3 0 0 0 0 0
0 0 0 0 0 0 2 1 2 1 0 0 0 3 0 0 0 0 0
0 0 0 0 2 2 2 1 2 1 2 1 2 3 0 31 31 31 29
0 0 0 0 0 0 0 0 0 0 2 1 0 3 0 0 0 0 0
0 0 0 0 0 0 2 1 0 0 0 0 0 3 0 0 0 0 0
0 0 0 0 0 0 0 0 2 3 2 1 1 4 0 0 0 0 0
0 0 0 0 0 0 2 1 2 1 0 0 1 4 0 1 1 7 14
0 0 0 0 0 0 0 0 0 0 2 1 0 3 0 0 0 0 0
0 0 0 0 0 0 0 0 0 0 0 0 0 3 0 0 0 0 0
0 0 0 0 1 1 0 0 0 0 1 1 1 2 0 0 0 0 0
0 0 0 0 1 2 1 1 0 0 0 0 1 2 0 1 1 7 8
0 0 0 0 0 0 2 2 0 0 1 1 0 3 0 0 0 0 0
0 0 0 0 0 0 0 0 2 2 2 2 0 1 0 1 1 7 5
0 0 0 0 0 0 2 2 2 2 0 0 0 1 0 0 0 0 0
0 0 0 0 0 0 2 2 0 0 2 2 0 3 0 0 0 0 0
0 0 0 0 2 1 0 0 0 0 2 2 2 2 0 1 1 7 13
0 0 0 0 2 1 2 1 0 0 0 0 2 2 0 0 0 0 0
0 0 0 0 0 0 0 0 2 1 2 1 0 3 0 0 0 0 0
0 0 0 0 0 0 2 1 2 1 0 0 0 3 0 0 0 0 0
0 0 0 0 2 3 2 1 0 0 2 1 1 4 0 0 0 0 0
0 0 0 0 2 1 0 0 0 0 2 1 0 3 0 0 0 0 0
0 0 0 0 0 0 0 0 0 0 0 0 0 3 0 0 0 0 0
0 0 0 0 0 0 0 0 0 0 0 0 0 3 0 0 0 0 0
0 0 0 0 0 0 0 0 1 2 1 1 1 2 0 0 0 0 0
0 0 0 0 0 0 1 1 1 2 0 0 1 2 0 0 0 0 0
0 0 0 0 0 0 0 0 0 0 1 1 0 3 0 0 0 0 0
0 0 0 0 2 2 0 0 0 0 0 0 0 3 0 0 0 0 0
0 0 0 0 2 2 0 0 0 0 0 0 0 3 0 0 0 0 0
0 0 0 0 0 0 2 1 0 0 0 0 0 3 0 0 0 0 0
0 0 0 0 0 0 0 0 2 1 2 1 2 2 0 0 0 0 0
0 0 0 0 0 0 2 3 2 2 0 0 2 2 0 0 0 0 0
0 0 0 0 2 1 0 0 2 1 2 3 1 4 0 1 1 7 15
0 0 0 0 2 1 0 0 2 1 0 0 1 4 0 0 0 0 0
0 0 0 0 0 0 2 1 2 1 0 0 1 4 0 0 0 0 0
0 0 0 0 0 0 0 0 0 0 2 1 0 3 0 0 0 0 0
0 0 0 0 0 0 0 0 0 0 0 0 0 3 0 0 0 0 0
0 0 0 0 0 0 0 0 0 0 0 0 0 3 0 0 0 0 0
0 0 0 0 1 2 0 0 0 0 1 1 0 1 0 1 1 7 9
0 0 0 0 1 2 1 1 0 0 0 0 0 1 0 1 1 7 9
0 0 0 0 0 0 0 0 0 0 1 1 0 3 0 0 0 0 0
0 0 0 0 0 0 0 0 0 0 0 0 0 3 0 0 0 0 0
0 0 0 0 0 0 0 0 0 0 0 0 0 3 0 0 0 0 0
0 0 0 0 0 0 3 2 0 0 0 0 0 3 0 0 0 0 0
0 0 0 0 2 1 0 0 0 0 3 2 0 1 0 0 0 0 0
0 0 0 0 2 2 2 1 0 0 0 0 0 1 0 0 0 0 0
0 0 0 0 2 1 0 0 0 0 2 1 0 3 0 0 0 0 0
0 0 0 0 2 1 0 0 0 0 0 0 0 3 0 0 0 0 0
0 0 0 0 2 1 0 0 0 0 0 0 0 3 0 0 0 0 0
0 0 0 0 0 0 0 0 0 0 0 0 0 3 0 0 0 0 0
0 0 0 0 0 0 0 0 0 0 0 0 0 3 0 0 0 0 0
0 0 0 0 0 0 0 0 0 0 0 0 0 3 0 0 0 0 0
0 0 0 0 0 0 0 0 3 1 1 1 0 1 0 0 0 0 0
0 0 0 0 0 0 1 1 3 1 0 0 0 1 0 0 0 0 0
0 0 0 0 0 0 0 0 3 1 1 1 0 3 0 1 1 7 6
0 0 0 0 0 0 0 0 3 1 0 0 0 3 0 0 0 0 0
0 0 0 0 0 0 0 0 3 1 0 0 0 3 0 1 1 7 7
0 0 0 0 0 0 2 1 3 1 0 0 0 3 0 0 0 0 0
0 0 0 0 0 0 0 0 3 1 2 1 0 1 0 0 0 0 0
0 0 0 0 0 0 2 1 3 1 0 0 0 1 0 0 0 0 0
0 0 0 0 0 0 0 0 0 0 2 1 0 3 0 0 0 0 0
0 0 0 0 0 0 0 0 0 0 0 0 0 3 0 0 0 0 0
0 0 0 0 0 0 0 0 0 0 0 0 0 3 0 0 0 0 0
0 0 0 0 0 0 0 0 0 0 0 0 0 3 0 0 0 0 0
0 0 0 0 0 0 0 0 0 0 0 0 0 3 0 0 0 0 0
0 0 0 0 0 0 0 0 0 0 0 0 0 3 0 0 0 0 0
0 0 0 0 3 1 0 0 0 0 0 0 0 3 0 0 0 0 0
0 0 0 0 3 1 0 0 0 0 0 0 0 3 0 0 0 0 0
0 0 0 0 3 1 0 0 0 0 0 0 0 3 0 0 0 0 0
0 0 0 0 3 1 0 0 0 0 0 0 0 3 0 0 0 0 0
0 0 0 0 3 1 0 0 0 0 0 0 0 3 0 0 0 0 0
0 0 0 0 3 1 0 0 0 0 0 0 0 4 0 0 0 0 0
0 0 0 0 3 1 0 0 0 0 0 0 0 3 0 0 0 0 0
0 0 0 0 3 1 0 0 0 0 0 0 0 3 0 0 0 0 0
0 0 0 0 0 0 0 0 0 0 0 0 0 3 0 0 0 0 0
0 0 0 0 0 0 0 0 0 0 0 0 0 3 0 0 0 0 0
0 0 0 0 0 0 0 0 0 0 0 0 0 3 0 0 0 0 0
0 0 0 0 0 0 0 0 0 0 0 0 0 3 0 0 0 0 0
0 0 0 0 0 0 0 0 0 0 0 0 0 3 0 0 0 0 0
0 0 0 0 0 0 0 0 0 0 0 0 0 3 0 0 0 0 0
0 0 0 0 0 0 0 0 0 0 0 0 0 3 0 0 0 0 0
0 0 0 0 0 0 0 0 0 0 0 0 0 3 0 0 0 0 0
0 0 0 0 0 0 0 0 0 0 0 0 0 3 0 0 0 0 0
0 0 0 0 0 0 0 0 0 0 0 0 0 3 0 0 0 0 0
0 0 0 0 0 0 0 0 0 0 0 0 0 3 0 0 0 0 0
0 0 0 0 0 0 0 0 0 0 0 0 0 3 0 0 0 0 0
0 0 0 0 0 0 0 0 0 0 0 0 0 3 0 0 0 0 0
0 0 0 0 0 0 0 0 0 0 0 0 0 3 0 0 0 0 0
0 0 0 0 0 0 0 0 0 0 0 0 0 3 0 0 0 0 0
0 0 0 0 0 0 0 0 0 0 0 0 0 3 0 0 0 0 0
0 0 0 0 0 0 0 0 0 0 0 0 0 3 0 0 0 0 0
0 0 0 0 0 0 0 0 0 0 0 0 0 3 0 0 0 0 0
0 0 0 0 0 0 0 0 0 0 0 0 0 3 0 0 0 0 0
0 0 0 0 0 0 0 0 0 0 0 0 0 3 0 0 0 0 0
0 0 0 0 0 0 0 0 0 0 0 0 0 3 0 0 0 0 0
0 0 0 0 0 0 0 0 0 0 0 0 0 3 0 0 0 0 0
0 0 0 0 0 0 0 0 0 0 0 0 0 3 0 0 0 0 0
0 0 0 0 0 0 0 0 0 0 0 0 0 3 0 0 0 0 0
0 0 0 0 0 0 0 0 0 0 0 0 0 3 0 0 0 0 0
0 0 0 0 0 0 0 0 0 0 0 0 0 3 0 0 0 0 0
0 0 0 0 0 0 0 0 0 0 0 0 0 3 0 0 0 0 0
0 0 0 0 0 0 0 0 0 0 0 0 0 3 0 0 0 0 0
0 0 0 0 0 0 0 0 0 0 0 0 0 3 0 0 0 0 0
0 0 0 0 0 0 0 0 0 0 0 0 0 3 0 0 0 0 0
0 0 0 0 0 0 0 0 0 0 0 0 0 3 0 0 0 0 0
0 0 0 0 0 0 0 0 0 0 0 0 0 3 0 0 0 0 0
0 0 0 0 0 0 0 0 0 0 0 0 0 3 0 0 0 0 0
0 0 0 0 0 0 0 0 0 0 0 0 0 3 0 0 0 0 0
