0 0 0 0 10 11 8 2 3 8 9 1 6 9 10 11 9 9 10 11 10 1 1 7 16 0 11 0 0 0 0 0 0
0 0 0 0 1 1 1 2 1 2 1 1 2 3 0 1 1 7 18
0 0 0 0 1 1 1 1 0 0 1 2 0 3 0 0 0 0 0
0 0 0 0 1 1 0 0 0 0 1 1 2 3 0 0 0 0 0
0 0 0 0 1 1 1 2 0 0 0 0 2 3 0 1 1 7 19
0 0 0 0 1 1 1 1 0 0 1 2 0 3 0 0 0 0 0
0 0 0 0 1 1 1 1 0 0 1 1 2 3 0 0 0 0 0
0 0 0 0 1 1 2 2 0 0 1 1 0 3 15 0 0 0 0
0 0 0 0 2 1 2 1 0 0 2 2 1 2 15 0 0 0 0
0 0 0 0 2 1 0 0 0 0 2 1 1 2 15 0 0 0 0
0 0 0 0 2 1 2 1 2 2 0 0 1 2 15 0 0 0 0
0 0 0 0 1 2 1 1 1 1 1 1 2 3 0 1 1 7 26
0 0 0 0 0 0 1 1 0 0 1 1 0 3 0 0 0 0 0
0 0 0 0 0 0 0 0 1 1 1 1 2 3 0 0 0 0 0
0 0 0 0 0 0 1 1 1 1 0 0 2 3 0 0 0 0 0
0 0 0 0 0 0 1 1 0 0 1 1 0 3 0 0 0 0 0
0 0 0 0 0 0 1 1 1 2 1 1 2 3 0 1 1 7 16
0 0 0 0 0 0 2 1 0 0 1 1 0 3 15 0 0 0 0
0 0 0 0 0 0 2 1 0 0 2 1 1 2 15 0 0 0 0
0 0 0 0 0 0 2 1 2 2 2 1 1 2 15 0 0 0 0
0 0 0 0 2 2 2 1 2 1 2 1 1 2 15 0 0 0 0
0 0 0 0 1 1 0 0 0 0 1 1 0 3 0 0 0 0 0
0 0 0 0 0 0 0 0 0 0 0 0 0 3 0 0 0 0 0
0 0 0 0 1 1 0 0 2 1 0 0 0 3 0 0 0 0 0
0 0 0 0 1 1 0 0 2 1 0 0 0 3 0 0 0 0 0
0 0 0 0 0 0 0 0 0 0 0 0 0 3 0 0 0 0 0
0 0 0 0 1 2 0 0 1 1 0 0 0 3 0 0 0 0 0
0 0 0 0 0 0 2 1 0 0 0 0 0 3 0 0 0 0 0
0 0 0 0 0 0 0 0 0 0 2 1 1 2 15 0 0 0 0
0 0 0 0 2 2 0 0 2 2 0 0 1 2 15 0 0 0 0
0 0 0 0 2 1 2 1 0 0 0 0 1 2 15 0 0 0 0
0 0 0 0 0 0 0 0 1 1 1 1 0 3 0 0 0 0 0
0 0 0 0 0 0 2 1 0 0 0 0 0 3 0 0 0 0 0
0 0 0 0 2 1 0 0 0 0 2 1 2 3 0 0 0 0 0
0 0 0 0 2 1 2 1 0 0 0 0 2 3 0 0 0 0 0
0 0 0 0 0 0 1 1 0 0 2 1 0 3 0 0 0 0 0
0 0 0 0 1 1 1 2 0 0 1 1 1 2 0 1 1 7 23
0 0 0 0 0 0 2 1 0 0 1 2 0 3 0 0 0 0 0
0 0 0 0 0 0 2 1 0 0 2 1 1 2 15 0 0 0 0
0 0 0 0 2 2 2 1 0 0 2 1 1 2 15 0 0 0 0
0 0 0 0 0 0 2 1 4 1 2 1 1 2 15 0 0 0 0
0 0 0 0 1 1 1 2 1 1 1 1 2 3 0 31 31 31 29
0 0 0 0 0 0 2 1 0 0 1 2 0 3 0 0 0 0 0
0 0 0 0 0 0 0 0 2 2 2 1 2 3 0 1 1 7 24
0 0 0 0 0 0 2 1 2 2 0 0 2 3 0 1 1 7 24
0 0 0 0 0 0 1 1 0 0 2 1 0 3 0 0 0 0 0
0 0 0 0 0 0 1 1 1 1 1 1 1 2 0 0 0 0 0
0 0 0 0 0 0 2 1 0 0 1 1 0 3 0 0 0 0 0
0 0 0 0 0 0 2 1 2 1 2 1 1 2 15 0 0 0 0
0 0 0 0 0 0 2 1 2 1 2 1 1 2 15 0 0 0 0
0 0 0 0 4 2 2 1 2 1 2 1 1 2 15 1 1 7 17
0 0 0 0 1 1 0 0 0 0 1 2 0 3 0 1 1 7 22
0 0 0 0 0 0 0 0 0 0 0 0 0 3 0 0 0 0 0
0 0 0 0 2 2 0 0 0 0 0 0 0 3 0 0 0 0 0
0 0 0 0 2 2 0 0 0 0 0 0 0 3 0 0 0 0 0
0 0 0 0 0 0 0 0 0 0 0 0 0 3 0 0 0 0 0
0 0 0 0 1 1 0 0 0 0 0 0 0 3 0 0 0 0 0
0 0 0 0 0 0 0 0 0 0 0 0 0 3 0 0 0 0 0
0 0 0 0 2 1 0 0 0 0 0 0 0 3 0 0 0 0 0
0 0 0 0 2 1 0 0 0 0 0 0 0 3 0 0 0 0 0
0 0 0 0 2 1 1 2 0 0 0 0 0 3 0 0 0 0 0
0 0 0 0 0 0 0 0 0 0 1 2 0 3 0 0 0 0 0
0 0 0 0 0 0 0 0 1 1 0 0 0 3 0 0 0 0 0
0 0 0 0 0 0 0 0 1 2 0 0 0 3 0 1 1 7 25
0 0 0 0 0 0 0 0 1 1 0 0 0 3 0 0 0 0 0
0 0 0 0 0 0 0 0 0 0 0 0 0 3 0 0 0 0 0
0 0 0 0 0 0 0 0 1 1 0 0 0 3 0 0 0 0 0
0 0 0 0 0 0 0 0 1 2 0 0 0 3 0 0 0 0 0
0 0 0 0 0 0 0 0 1 2 0 0 0 3 0 0 0 0 0
0 0 0 0 0 0 0 0 1 1 0 0 0 3 0 0 0 0 0
0 0 0 0 0 0 1 2 1 1 0 0 0 3 0 0 0 0 0
0 0 0 0 0 0 1 1 0 0 1 1 0 3 0 0 0 0 0
0 0 0 0 1 1 0 0 0 0 1 1 2 3 0 31 31 31 31
0 0 0 0 1 2 1 1 0 0 0 0 2 3 0 31 31 31 31
0 0 0 0 1 1 1 2 1 1 1 1 2 3 0 31 31 31 30
0 0 0 0 0 0 1 1 0 0 1 2 0 3 0 0 0 0 0
0 0 0 0 1 1 0 0 0 0 1 1 2 3 0 0 0 0 0
0 0 0 0 1 2 1 1 0 0 0 0 2 3 0 1 1 7 20
0 0 0 0 1 2 0 0 0 0 1 1 0 1 0 1 1 7 21
0 0 0 0 1 1 1 2 0 0 0 0 0 1 0 0 0 0 0
0 0 0 0 1 1 1 1 1 1 1 2 2 3 0 31 31 31 28
0 0 0 0 0 0 1 1 0 0 1 1 0 3 0 0 0 0 0
0 0 0 0 0 0 0 0 1 1 1 1 2 3 0 31 31 31 31
0 0 0 0 0 0 1 1 1 1 0 0 2 3 0 31 31 31 31
0 0 0 0 1 1 0 0 0 0 1 1 0 3 0 0 0 0 0
0 0 0 0 0 0 1 1 0 0 0 0 0 3 0 0 0 0 0
0 0 0 0 0 0 0 0 1 1 1 1 2 3 0 0 0 0 0
0 0 0 0 0 0 1 1 1 1 0 0 2 3 0 0 0 0 0
0 0 0 0 0 0 0 0 0 0 1 1 0 1 0 0 0 0 0
0 0 0 0 0 0 0 0 0 0 0 0 0 1 0 0 0 0 0
0 0 0 0 1 1 1 1 0 0 0 0 0 1 0 0 0 0 0
0 0 0 0 0 0 0 0 3 1 1 1 0 3 0 0 0 0 0
0 0 0 0 1 1 0 0 3 1 0 0 0 3 0 0 0 0 0
0 0 0 0 1 1 0 0 3 1 0 0 0 3 0 0 0 0 0
0 0 0 0 0 0 0 0 3 1 0 0 0 3 0 0 0 0 0
0 0 0 0 0 0 0 0 3 1 0 0 0 3 0 0 0 0 0
0 0 0 0 1 1 0 0 3 1 0 0 0 3 0 0 0 0 0
0 0 0 0 1 1 1 1 3 1 0 0 0 3 0 0 0 0 0
0 0 0 0 0 0 0 0 3 1 1 1 0 1 0 0 0 0 0
0 0 0 0 0 0 0 0 3 1 0 0 0 1 0 0 0 0 0
0 0 0 0 0 0 1 1 3 1 0 0 0 1 0 0 0 0 0
0 0 0 0 3 1 0 0 0 0 0 0 0 3 0 0 0 0 0
0 0 0 0 3 1 0 0 0 0 0 0 0 3 0 0 0 0 0
0 0 0 0 3 1 0 0 0 0 0 0 0 3 0 0 0 0 0
0 0 0 0 3 1 0 0 0 0 0 0 0 3 0 0 0 0 0
0 0 0 0 3 1 0 0 0 0 0 0 0 3 0 0 0 0 0
0 0 0 0 3 1 0 0 0 0 0 0 0 3 0 0 0 0 0
0 0 0 0 3 1 0 0 0 0 0 0 0 3 0 0 0 0 0
0 0 0 0 3 1 0 0 0 0 0 0 0 3 0 0 0 0 0
0 0 0 0 3 1 0 0 0 0 0 0 0 3 0 0 0 0 0
0 0 0 0 3 1 0 0 0 0 0 0 0 3 0 0 0 0 0
