0 0 0 0 20 5 10 0 0 5 9 20 2 15 16 17 18 15 16 17 18 1 1 5 11 0 13 0 0 0 0 0 0
0 0 0 0 3 1 4 2 3 1 3 1 2 4 0 1 1 5 22
0 0 0 0 3 1 0 0 3 1 4 1 2 4 0 0 0 0 0
0 0 0 0 3 1 3 1 0 0 0 0 2 4 0 1 1 5 11
0 0 0 0 3 1 0 0 3 2 3 1 2 4 0 0 0 0 0
0 0 0 0 3 1 0 0 3 1 0 0 2 4 0 0 0 0 0
0 0 0 0 3 1 0 0 3 1 0 0 2 4 0 0 0 0 0
0 0 0 0 3 1 3 2 3 1 0 0 2 4 0 0 0 0 0
0 0 0 0 3 1 0 0 3 2 3 2 2 4 0 0 0 0 0
0 0 0 0 3 1 0 0 3 1 0 0 2 4 0 0 0 0 0
0 0 0 0 3 1 0 0 3 1 0 0 2 4 0 0 0 0 0
0 0 0 0 3 1 3 2 3 1 0 0 2 4 0 0 0 0 0
0 0 0 0 3 1 0 0 0 0 3 2 2 4 0 0 0 0 0
0 0 0 0 3 1 0 0 3 1 0 0 2 4 0 0 0 0 0
0 0 0 0 3 1 3 2 3 2 0 0 2 4 0 0 0 0 0
0 0 0 0 3 1 3 1 3 1 3 2 2 4 0 1 1 5 18
0 0 0 0 3 1 0 0 0 0 3 1 2 4 0 0 0 0 0
0 0 0 0 3 1 0 0 3 1 0 0 2 4 0 0 0 0 0
0 0 0 0 3 1 3 1 0 0 0 0 2 4 0 0 0 0 0
0 0 0 0 3 1 3 1 3 2 3 1 2 4 0 1 1 5 21
0 0 0 0 3 1 3 1 3 2 3 1 2 4 0 1 1 5 23
0 0 0 0 3 1 3 1 3 2 3 1 2 4 0 1 1 5 15
0 0 0 0 3 1 3 1 3 1 3 1 2 4 0 1 1 5 15
0 0 0 0 0 0 4 1 0 0 3 1 2 4 0 0 0 0 0
0 0 0 0 3 2 3 1 3 1 4 2 2 4 0 0 0 0 0
0 0 0 0 3 1 3 2 0 0 3 1 2 4 0 0 0 0 0
0 0 0 0 3 1 0 0 3 1 3 2 2 4 0 0 0 0 0
0 0 0 0 3 1 0 0 3 1 0 0 2 4 0 0 0 0 0
0 0 0 0 3 2 3 1 3 1 0 0 2 4 0 0 0 0 0
0 0 0 0 3 1 0 0 0 0 3 1 2 4 0 0 0 0 0
0 0 0 0 3 1 0 0 3 2 0 0 2 4 0 0 0 0 0
0 0 0 0 3 1 3 1 0 0 0 0 2 4 0 0 0 0 0
0 0 0 0 0 0 3 1 0 0 3 1 2 4 0 0 0 0 0
0 0 0 0 3 1 0 0 0 0 3 1 2 4 0 0 0 0 0
0 0 0 0 3 2 0 0 3 1 0 0 2 4 0 0 0 0 0
0 0 0 0 3 1 0 0 3 1 0 0 2 4 0 0 0 0 0
0 0 0 0 0 0 3 1 3 1 0 0 2 4 0 0 0 0 0
0 0 0 0 3 1 3 1 3 1 3 1 2 4 0 0 0 0 0
0 0 0 0 0 0 3 1 0 0 3 1 2 4 0 0 0 0 0
0 0 0 0 3 2 3 1 0 0 3 1 2 4 0 0 0 0 0
0 0 0 0 3 2 3 1 0 0 3 1 2 4 0 0 0 0 0
0 0 0 0 3 2 3 1 0 0 3 1 2 4 0 0 0 0 0
0 0 0 0 3 1 3 2 3 1 3 1 2 4 0 1 1 5 13
0 0 0 0 0 0 3 1 0 0 3 2 2 4 0 1 1 5 12
0 0 0 0 3 1 0 0 3 1 3 1 2 4 0 0 0 0 0
0 0 0 0 0 0 3 1 3 1 0 0 2 4 0 0 0 0 0
0 0 0 0 3 1 0 0 0 0 3 1 2 4 0 0 0 0 0
0 0 0 0 3 1 0 0 3 1 0 0 2 4 0 0 0 0 0
0 0 0 0 3 1 0 0 3 1 0 0 2 4 0 0 0 0 0
0 0 0 0 0 0 3 1 3 1 0 0 2 4 0 1 1 5 19
0 0 0 0 3 2 3 1 3 1 3 1 2 4 0 0 0 0 0
0 0 0 0 0 0 3 1 0 0 3 1 2 4 0 0 0 0 0
0 0 0 0 0 0 3 1 3 2 3 1 2 4 0 0 0 0 0
0 0 0 0 0 0 3 1 0 0 3 1 2 4 0 0 0 0 0
0 0 0 0 3 1 0 0 0 0 3 1 2 4 0 0 0 0 0
0 0 0 0 3 1 0 0 3 1 0 0 2 4 0 0 0 0 0
0 0 0 0 3 1 0 0 3 1 0 0 2 4 0 0 0 0 0
0 0 0 0 3 1 0 0 3 1 0 0 2 4 0 0 0 0 0
0 0 0 0 0 0 3 1 3 1 0 0 2 4 0 0 0 0 0
0 0 0 0 0 0 3 1 3 2 3 1 2 4 0 0 0 0 0
0 0 0 0 0 0 3 1 0 0 3 1 2 4 0 0 0 0 0
0 0 0 0 0 0 0 0 3 1 3 1 2 4 0 0 0 0 0
0 0 0 0 3 1 3 2 3 1 0 0 2 4 0 0 0 0 0
0 0 0 0 0 0 0 0 3 1 3 2 2 4 0 1 1 5 14
0 0 0 0 3 1 0 0 3 1 0 0 2 4 0 0 0 0 0
0 0 0 0 3 1 0 0 3 1 0 0 2 4 0 0 0 0 0
0 0 0 0 0 0 3 1 3 2 0 0 2 4 0 1 1 5 16
0 0 0 0 3 1 0 0 0 0 3 1 2 4 0 0 0 0 0
0 0 0 0 3 1 3 1 0 0 0 0 2 4 0 0 0 0 0
0 0 0 0 3 1 0 0 0 0 3 1 2 4 0 0 0 0 0
0 0 0 0 3 1 3 1 0 0 0 0 2 4 0 0 0 0 0
0 0 0 0 0 0 3 1 0 0 3 1 2 4 0 0 0 0 0
0 0 0 0 3 2 3 1 3 1 3 1 2 4 0 0 0 0 0
0 0 0 0 0 0 3 1 0 0 3 1 2 4 0 0 0 0 0
0 0 0 0 0 0 3 2 0 0 3 1 2 4 0 0 0 0 0
0 0 0 0 3 1 0 0 3 1 3 2 2 4 0 0 0 0 0
0 0 0 0 3 1 0 0 3 1 0 0 2 4 0 0 0 0 0
0 0 0 0 3 1 3 2 3 1 0 0 2 4 0 0 0 0 0
0 0 0 0 3 1 0 0 3 1 3 2 2 4 0 0 0 0 0
0 0 0 0 3 2 3 1 3 1 0 0 2 4 0 0 0 0 0
0 0 0 0 0 0 3 1 0 0 3 1 2 4 0 0 0 0 0
0 0 0 0 3 1 0 0 3 1 3 1 2 4 0 0 0 0 0
0 0 0 0 3 1 3 2 3 1 0 0 2 4 0 0 0 0 0
0 0 0 0 3 1 0 0 3 1 3 2 2 4 0 0 0 0 0
0 0 0 0 3 1 0 0 3 1 0 0 2 4 0 0 0 0 0
0 0 0 0 3 1 3 2 3 1 0 0 2 4 0 0 0 0 0
0 0 0 0 3 2 3 2 3 1 3 2 2 4 0 0 0 0 0
0 0 0 0 0 0 0 0 3 1 3 2 2 4 0 0 0 0 0
0 0 0 0 0 0 3 2 3 1 0 0 2 4 0 0 0 0 0
0 0 0 0 0 0 0 0 3 1 3 2 2 4 0 1 1 5 17
0 0 0 0 0 0 3 1 3 1 0 0 2 4 0 0 0 0 0
0 0 0 0 0 0 0 0 3 1 3 1 2 4 0 0 0 0 0
0 0 0 0 3 1 0 0 3 1 0 0 2 4 0 0 0 0 0
0 0 0 0 0 0 3 1 3 1 0 0 2 4 0 1 1 5 20
0 0 0 0 0 0 0 0 3 1 3 1 2 4 0 0 0 0 0
0 0 0 0 3 1 0 0 3 1 0 0 2 4 0 0 0 0 0
0 0 0 0 3 1 0 0 3 1 0 0 2 4 0 0 0 0 0
0 0 0 0 3 1 0 0 3 1 0 0 2 4 0 0 0 0 0
0 0 0 0 3 1 0 0 3 1 0 0 2 4 0 0 0 0 0
0 0 0 0 3 1 0 0 3 1 0 0 2 4 0 0 0 0 0
0 0 0 0 0 0 3 1 3 1 0 0 2 4 0 0 0 0 0
