0 0 0 0 20 20 3 2 3 7 9 6 2 15 16 17 15 15 16 17 15 1 1 4 13 0 21 0 0 0 0 0 0
0 0 0 0 2 1 0 0 0 0 2 1 2 3 0 0 0 0 0
0 0 0 0 2 1 0 0 2 2 0 0 2 3 0 1 1 4 24
0 0 0 0 2 1 1 1 1 1 0 0 2 3 0 0 0 0 0
0 0 0 0 1 1 0 0 1 1 1 1 0 1 0 0 0 0 0
0 0 0 0 1 2 0 0 1 2 0 0 0 1 0 1 1 5 1
0 0 0 0 1 2 0 0 1 2 0 0 0 1 0 1 1 5 1
0 0 0 0 1 1 1 1 1 1 0 0 0 1 0 0 0 0 0
0 0 0 0 1 1 0 0 1 1 1 1 2 3 0 0 0 0 0
0 0 0 0 1 1 1 1 0 0 0 0 2 3 0 0 0 0 0
0 0 0 0 1 1 1 1 0 0 1 1 2 3 0 0 0 0 0
0 0 0 0 1 1 0 0 0 0 1 1 2 3 0 0 0 0 0
0 0 0 0 1 1 2 2 0 0 0 0 2 3 0 0 0 0 0
0 0 0 0 1 1 0 0 0 0 2 2 2 3 0 0 0 0 0
0 0 0 0 1 1 0 0 0 0 0 0 2 3 0 0 0 0 0
0 0 0 0 1 1 1 1 1 1 0 0 2 3 0 0 0 0 0
0 0 0 0 1 1 2 1 0 0 1 1 2 3 0 0 0 0 0
0 0 0 0 2 1 0 0 0 0 2 1 2 3 0 0 0 0 0
0 0 0 0 2 1 0 0 2 2 0 0 2 3 0 1 1 4 24
0 0 0 0 2 1 2 1 0 0 0 0 2 3 0 0 0 0 0
0 0 0 0 1 1 1 1 0 0 2 1 2 3 0 0 0 0 0
0 0 0 0 0 0 2 1 2 1 2 1 2 3 0 0 0 0 0
0 0 0 0 2 2 1 1 0 0 2 1 2 3 0 0 0 0 0
0 0 0 0 1 1 0 0 0 0 1 1 0 1 0 0 0 0 0
0 0 0 0 1 1 0 0 0 0 0 0 0 1 0 0 0 0 0
0 0 0 0 1 2 0 0 0 0 0 0 0 1 0 1 1 4 26
0 0 0 0 1 2 0 0 0 0 0 0 0 1 0 1 1 4 26
0 0 0 0 1 1 0 0 0 0 0 0 0 1 0 0 0 0 0
0 0 0 0 1 1 1 1 0 0 0 0 0 1 0 0 0 0 0
0 0 0 0 0 0 1 1 2 2 1 1 2 3 0 0 0 0 0
0 0 0 0 0 0 1 1 0 0 1 1 2 3 0 0 0 0 0
0 0 0 0 0 0 0 0 0 0 1 1 2 3 0 0 0 0 0
0 0 0 0 0 0 1 1 0 0 0 0 2 3 0 0 0 0 0
0 0 0 0 0 0 0 0 0 0 1 1 2 3 0 0 0 0 0
0 0 0 0 0 0 1 2 0 0 0 0 2 3 0 0 0 0 0
0 0 0 0 1 1 0 0 0 0 1 2 2 3 0 0 0 0 0
0 0 0 0 0 0 2 1 0 0 0 0 2 3 0 0 0 0 0
0 0 0 0 0 0 2 1 2 1 2 1 2 3 0 0 0 0 0
0 0 0 0 2 2 2 1 0 0 2 1 2 3 0 0 0 0 0
0 0 0 0 0 0 2 1 2 1 2 1 2 3 0 0 0 0 0
0 0 0 0 0 0 1 1 0 0 2 1 2 3 0 0 0 0 0
0 0 0 0 2 1 0 0 0 0 1 1 2 3 0 0 0 0 0
0 0 0 0 0 0 1 2 1 1 0 0 2 3 0 0 0 0 0
0 0 0 0 0 0 0 0 0 0 1 2 0 1 0 0 0 0 0
0 0 0 0 0 0 0 0 0 0 0 0 0 1 0 0 0 0 0
0 0 0 0 0 0 0 0 0 0 0 0 0 1 0 1 1 4 13
0 0 0 0 0 0 0 0 0 0 0 0 0 1 0 1 1 4 13
0 0 0 0 0 0 0 0 0 0 0 0 0 1 0 0 0 0 0
0 0 0 0 0 0 1 2 0 0 0 0 0 1 0 0 0 0 0
0 0 0 0 2 2 0 0 1 1 1 2 2 3 0 0 0 0 0
0 0 0 0 0 0 1 1 1 1 0 0 2 3 0 0 0 0 0
0 0 0 0 0 0 0 0 1 1 1 1 2 3 0 0 0 0 0
0 0 0 0 0 0 1 1 1 2 0 0 2 3 0 0 0 0 0
0 0 0 0 0 0 0 0 1 1 1 1 2 3 0 0 0 0 0
0 0 0 0 0 0 1 1 1 1 0 0 2 3 0 0 0 0 0
0 0 0 0 0 0 0 0 1 1 1 1 2 3 0 0 0 0 0
0 0 0 0 0 0 0 0 1 1 0 0 2 3 0 0 0 0 0
0 0 0 0 2 1 0 0 1 1 0 0 2 3 0 0 0 0 0
0 0 0 0 0 0 0 0 1 1 0 0 2 3 0 0 0 0 0
0 0 0 0 2 1 0 0 0 0 0 0 2 3 0 0 0 0 0
0 0 0 0 0 0 1 1 0 0 0 0 2 3 0 0 0 0 0
0 0 0 0 0 0 1 1 0 0 1 1 2 3 0 0 0 0 0
0 0 0 0 1 1 1 1 0 0 1 1 2 3 0 0 0 0 0
0 0 0 0 0 0 0 0 1 1 1 1 0 1 0 0 0 0 0
0 0 0 0 0 0 0 0 0 0 0 0 0 1 0 0 0 0 0
0 0 0 0 0 0 0 0 0 0 0 0 0 1 0 0 0 0 0
0 0 0 0 0 0 0 0 0 0 0 0 0 1 0 0 0 0 0
0 0 0 0 0 0 0 0 0 0 0 0 0 1 0 0 0 0 0
0 0 0 0 0 0 1 1 1 1 0 0 0 1 0 0 0 0 0
0 0 0 0 1 1 0 0 0 0 1 1 2 3 0 0 0 0 0
0 0 0 0 1 1 2 1 0 0 0 0 2 3 0 0 0 0 0
0 0 0 0 1 1 0 0 0 0 2 1 2 3 0 0 0 0 0
0 0 0 0 1 2 0 0 0 0 0 0 2 3 0 0 0 0 0
0 0 0 0 1 1 0 0 0 0 0 0 2 3 0 0 0 0 0
0 0 0 0 1 1 1 1 0 0 0 0 2 3 0 0 0 0 0
0 0 0 0 1 1 0 0 0 0 1 1 2 3 0 0 0 0 0
0 0 0 0 1 1 1 1 0 0 0 0 2 3 0 0 0 0 0
0 0 0 0 1 1 0 0 0 0 1 1 2 3 0 0 0 0 0
0 0 0 0 1 1 1 1 0 0 0 0 2 3 0 0 0 0 0
0 0 0 0 0 0 0 0 0 0 1 1 2 3 0 0 0 0 0
0 0 0 0 0 0 1 1 0 0 0 0 2 3 0 0 0 0 0
0 0 0 0 0 0 1 1 0 0 1 1 2 3 0 0 0 0 0
0 0 0 0 0 0 0 0 2 2 1 1 2 3 0 0 0 0 0
0 0 0 0 1 1 1 1 0 0 0 0 2 3 0 0 0 0 0
0 0 0 0 0 0 0 0 1 1 1 1 0 1 0 0 0 0 0
0 0 0 0 0 0 0 0 0 0 0 0 0 1 0 0 0 0 0
0 0 0 0 0 0 0 0 0 0 0 0 0 1 0 0 0 0 0
0 0 0 0 0 0 1 1 1 1 0 0 0 1 0 0 0 0 0
0 0 0 0 1 1 0 0 0 0 1 1 2 3 0 0 0 0 0
0 0 0 0 0 0 0 0 0 0 0 0 2 3 0 0 0 0 0
0 0 0 0 0 0 4 1 0 0 0 0 2 3 0 0 0 0 0
0 0 0 0 0 0 0 0 0 0 4 2 2 3 0 1 1 4 25
0 0 0 0 0 0 0 0 0 0 0 0 2 3 0 0 0 0 0
0 0 0 0 0 0 0 0 0 0 0 0 2 3 0 0 0 0 0
0 0 0 0 0 0 1 1 1 1 0 0 2 3 0 0 0 0 0
0 0 0 0 0 0 0 0 1 1 1 1 2 3 0 0 0 0 0
0 0 0 0 0 0 1 1 2 2 0 0 2 3 0 0 0 0 0
0 0 0 0 0 0 0 0 1 1 1 1 2 3 0 0 0 0 0
0 0 0 0 0 0 1 1 2 2 0 0 2 3 0 0 0 0 0
0 0 0 0 0 0 0 0 0 0 1 1 2 3 0 0 0 0 0
0 0 0 0 0 0 1 1 0 0 0 0 2 3 0 0 0 0 0
0 0 0 0 0 0 0 0 0 0 1 1 2 3 0 0 0 0 0
0 0 0 0 2 2 1 1 0 0 0 0 2 3 0 0 0 0 0
0 0 0 0 0 0 0 0 0 0 1 1 2 3 0 0 0 0 0
0 0 0 0 1 1 1 1 0 0 0 0 2 3 0 0 0 0 0
0 0 0 0 0 0 0 0 2 2 1 1 0 1 0 0 0 0 0
0 0 0 0 0 0 1 1 2 2 0 0 0 1 0 0 0 0 0
0 0 0 0 1 1 0 0 0 0 1 1 2 3 0 0 0 0 0
0 0 0 0 0 0 0 0 0 0 0 0 2 3 0 0 0 0 0
0 0 0 0 0 0 0 0 0 0 0 0 2 3 0 0 0 0 0
0 0 0 0 0 0 4 1 0 0 0 0 2 3 0 0 0 0 0
0 0 0 0 0 0 0 0 0 0 4 2 2 3 0 1 1 4 25
0 0 0 0 0 0 0 0 0 0 0 0 2 3 0 0 0 0 0
0 0 0 0 0 0 1 2 0 0 0 0 2 3 0 0 0 0 0
0 0 0 0 1 1 0 0 1 1 1 2 2 2 0 0 0 0 0
0 0 0 0 1 1 0 0 1 1 0 0 2 2 0 0 0 0 0
0 0 0 0 2 2 2 2 2 2 0 0 2 2 0 0 0 0 0
0 0 0 0 1 1 0 0 1 1 2 2 2 2 0 0 0 0 0
0 0 0 0 2 2 1 2 2 2 0 0 2 2 0 0 0 0 0
0 0 0 0 0 0 0 0 0 0 1 2 2 3 0 0 0 0 0
0 0 0 0 0 0 1 1 0 0 0 0 2 3 0 0 0 0 0
0 0 0 0 0 0 0 0 1 2 1 1 2 3 0 0 0 0 0
0 0 0 0 0 0 1 1 0 0 0 0 2 3 0 0 0 0 0
0 0 0 0 0 0 0 0 1 2 1 1 2 3 0 0 0 0 0
0 0 0 0 0 0 1 1 1 1 0 0 2 3 0 0 0 0 0
0 0 0 0 2 2 0 0 0 0 1 1 2 3 0 0 0 0 0
0 0 0 0 2 2 0 0 0 0 0 0 2 3 0 0 0 0 0
0 0 0 0 0 0 0 0 0 0 0 0 2 3 0 0 0 0 0
0 0 0 0 0 0 0 0 0 0 0 0 2 3 0 0 0 0 0
0 0 0 0 0 0 0 0 0 0 0 0 2 3 0 0 0 0 0
0 0 0 0 0 0 2 1 0 0 0 0 2 3 0 0 0 0 0
0 0 0 0 0 0 0 0 2 1 2 1 2 3 0 0 0 0 0
0 0 0 0 0 0 0 0 2 1 0 0 2 3 0 0 0 0 0
0 0 0 0 0 0 0 0 0 0 0 0 2 3 0 0 0 0 0
0 0 0 0 1 1 1 1 0 0 0 0 2 3 0 0 0 0 0
0 0 0 0 1 1 0 0 0 0 1 1 2 3 0 0 0 0 0
0 0 0 0 2 2 1 1 0 0 0 0 2 3 0 0 0 0 0
0 0 0 0 1 1 0 0 0 0 1 1 2 3 0 0 0 0 0
0 0 0 0 2 2 1 1 0 0 0 0 2 3 0 0 0 0 0
0 0 0 0 0 0 0 0 0 0 1 1 2 3 0 0 0 0 0
0 0 0 0 0 0 1 1 0 0 0 0 2 3 0 0 0 0 0
0 0 0 0 1 2 1 1 0 0 1 1 2 3 0 0 0 0 0
0 0 0 0 0 0 0 0 1 1 1 1 2 3 0 0 0 0 0
0 0 0 0 1 2 0 0 1 1 0 0 2 3 0 0 0 0 0
0 0 0 0 1 1 0 0 1 1 0 0 2 3 0 0 0 0 0
0 0 0 0 0 0 0 0 1 1 0 0 2 3 0 0 0 0 0
0 0 0 0 0 0 0 0 0 0 0 0 2 3 0 0 0 0 0
0 0 0 0 0 0 0 0 2 1 0 0 2 3 0 0 0 0 0
0 0 0 0 0 0 0 0 2 1 0 0 2 3 0 0 0 0 0
0 0 0 0 0 0 0 0 2 1 0 0 2 3 0 0 0 0 0
0 0 0 0 0 0 2 1 2 1 0 0 2 3 0 0 0 0 0
0 0 0 0 2 1 0 0 0 0 2 1 2 3 0 0 0 0 0
0 0 0 0 2 1 2 1 2 1 0 0 2 3 0 0 0 0 0
0 0 0 0 0 0 0 0 0 0 2 1 2 3 0 0 0 0 0
0 0 0 0 0 0 1 1 0 0 0 0 2 3 0 0 0 0 0
0 0 0 0 0 0 0 0 1 1 1 1 2 3 0 0 0 0 0
0 0 0 0 0 0 1 1 1 1 0 0 2 3 0 0 0 0 0
0 0 0 0 0 0 0 0 1 1 1 1 2 3 0 0 0 0 0
0 0 0 0 0 0 1 1 1 1 0 0 2 3 0 0 0 0 0
0 0 0 0 0 0 0 0 0 0 1 1 2 3 0 0 0 0 0
0 0 0 0 0 0 1 1 0 0 0 0 2 3 0 0 0 0 0
0 0 0 0 0 0 0 0 0 0 1 1 2 3 0 0 0 0 0
0 0 0 0 1 1 1 1 1 2 0 0 2 3 0 0 0 0 0
0 0 0 0 1 1 0 0 0 0 1 1 2 3 0 0 0 0 0
0 0 0 0 1 1 0 0 0 0 0 0 2 3 0 0 0 0 0
0 0 0 0 1 1 1 2 1 1 0 0 2 3 0 1 1 4 14
0 0 0 0 0 0 2 2 0 0 1 2 2 3 0 1 1 4 28
0 0 0 0 2 1 0 0 2 1 2 2 2 3 0 0 0 0 0
0 0 0 0 2 1 0 0 0 0 0 0 2 3 0 0 0 0 0
0 0 0 0 2 1 2 1 0 0 0 0 2 3 0 0 0 0 0
0 0 0 0 2 1 2 1 0 0 2 1 2 3 0 0 0 0 0
0 0 0 0 0 0 2 2 0 0 2 1 2 3 0 1 1 4 23
0 0 0 0 2 1 0 0 0 0 2 2 2 3 0 0 0 0 0
0 0 0 0 0 0 0 0 0 0 0 0 2 3 0 0 0 0 0
0 0 0 0 0 0 0 0 0 0 0 0 2 3 0 0 0 0 0
0 0 0 0 1 1 0 0 2 1 0 0 2 3 0 0 0 0 0
0 0 0 0 1 1 0 0 2 1 0 0 2 3 0 0 0 0 0
0 0 0 0 1 1 0 0 0 0 0 0 2 3 0 0 0 0 0
0 0 0 0 1 1 0 0 0 0 0 0 2 3 0 0 0 0 0
0 0 0 0 0 0 0 0 0 0 0 0 2 3 0 0 0 0 0
0 0 0 0 0 0 1 1 0 0 0 0 2 3 0 0 0 0 0
0 0 0 0 0 0 2 1 1 1 1 1 2 3 0 0 0 0 0
0 0 0 0 1 2 2 1 1 1 2 1 2 3 0 0 0 0 0
0 0 0 0 0 0 0 0 4 2 2 1 2 3 0 1 1 4 15
0 0 0 0 0 0 1 1 4 2 0 0 2 3 0 1 1 4 15
0 0 0 0 1 1 0 0 2 1 1 1 2 3 0 0 0 0 0
0 0 0 0 0 0 0 0 2 1 0 0 2 3 0 0 0 0 0
0 0 0 0 2 1 2 1 2 1 0 0 2 3 0 0 0 0 0
0 0 0 0 0 0 0 0 2 1 2 1 2 3 0 0 0 0 0
0 0 0 0 0 0 2 2 2 1 0 0 2 3 0 0 0 0 0
0 0 0 0 0 0 2 1 2 1 2 2 2 3 0 0 0 0 0
0 0 0 0 0 0 2 1 2 1 2 1 2 3 0 0 0 0 0
0 0 0 0 0 0 0 0 2 1 2 1 2 3 0 0 0 0 0
0 0 0 0 0 0 0 0 2 1 0 0 2 3 0 0 0 0 0
0 0 0 0 0 0 2 2 2 1 0 0 2 3 0 0 0 0 0
0 0 0 0 2 1 0 0 2 1 2 2 2 3 0 0 0 0 0
0 0 0 0 2 1 2 2 2 1 0 0 2 3 0 0 0 0 0
0 0 0 0 0 0 0 0 2 1 2 2 2 3 0 0 0 0 0
0 0 0 0 0 0 0 0 2 1 0 0 2 3 0 0 0 0 0
0 0 0 0 0 0 0 0 2 1 0 0 2 3 0 0 0 0 0
0 0 0 0 0 0 1 1 2 1 0 0 2 3 0 0 0 0 0
0 0 0 0 1 1 0 0 0 0 2 1 2 2 0 0 0 0 0
0 0 0 0 1 1 2 1 0 0 0 0 2 2 0 0 0 0 0
0 0 0 0 4 1 0 0 0 0 2 1 2 4 0 1 1 4 27
0 0 0 0 4 1 0 0 0 0 0 0 2 4 0 1 1 4 27
0 0 0 0 2 1 0 0 2 1 0 0 2 4 0 0 0 0 0
0 0 0 0 2 1 0 0 0 0 0 0 2 4 0 0 0 0 0
0 0 0 0 2 1 0 0 2 1 0 0 2 4 0 0 0 0 0
0 0 0 0 2 1 0 0 2 1 0 0 2 4 0 0 0 0 0
0 0 0 0 2 1 0 0 2 1 0 0 2 4 0 0 0 0 0
0 0 0 0 2 1 2 1 0 0 0 0 2 4 0 0 0 0 0
0 0 0 0 2 1 0 0 2 1 2 1 2 4 0 0 0 0 0
0 0 0 0 2 1 0 0 2 1 0 0 2 4 0 0 0 0 0
0 0 0 0 2 1 0 0 0 0 0 0 2 4 0 0 0 0 0
0 0 0 0 2 1 0 0 0 0 0 0 2 4 0 0 0 0 0
0 0 0 0 2 1 0 0 2 1 0 0 2 4 0 0 0 0 0
0 0 0 0 2 1 0 0 2 2 0 0 2 4 0 0 0 0 0
0 0 0 0 2 1 0 0 2 1 0 0 2 4 0 0 0 0 0
0 0 0 0 2 1 0 0 0 0 0 0 2 4 0 0 0 0 0
0 0 0 0 2 1 0 0 0 0 0 0 2 4 0 0 0 0 0
0 0 0 0 2 1 2 1 0 0 0 0 2 4 0 0 0 0 0
0 0 0 0 0 0 0 0 2 1 2 1 2 2 0 0 0 0 0
0 0 0 0 0 0 2 2 2 1 0 0 2 2 0 0 0 0 0
0 0 0 0 0 0 0 0 0 0 2 2 2 4 0 0 0 0 0
0 0 0 0 0 0 2 2 0 0 0 0 2 4 0 0 0 0 0
0 0 0 0 2 1 2 1 0 0 2 2 2 2 0 0 0 0 0
0 0 0 0 0 0 2 1 2 1 2 1 2 4 0 0 0 0 0
0 0 0 0 2 1 0 0 2 2 2 1 2 2 0 0 0 0 0
0 0 0 0 2 1 0 0 2 1 0 0 2 2 0 0 0 0 0
0 0 0 0 2 1 2 2 2 1 0 0 2 2 0 0 0 0 0
0 0 0 0 0 0 2 1 0 0 2 2 2 4 0 0 0 0 0
0 0 0 0 2 1 1 3 2 1 2 1 2 2 0 1 1 4 21
0 0 0 0 2 1 2 1 0 0 1 3 2 2 0 1 1 4 30
0 0 0 0 0 0 0 0 2 1 2 1 2 4 0 0 0 0 0
0 0 0 0 0 0 2 1 0 0 0 0 2 4 0 0 0 0 0
0 0 0 0 2 1 0 0 2 1 2 1 2 2 0 0 0 0 0
0 0 0 0 2 2 2 1 0 0 0 0 2 2 0 0 0 0 0
0 0 0 0 2 1 2 1 0 0 2 1 2 2 0 0 0 0 0
0 0 0 0 0 0 0 0 2 2 2 1 2 4 0 0 0 0 0
0 0 0 0 0 0 0 0 0 0 0 0 2 4 0 0 0 0 0
0 0 0 0 0 0 2 1 0 0 0 0 2 4 0 0 0 0 0
0 0 0 0 2 1 0 0 0 0 2 1 2 2 0 0 0 0 0
0 0 0 0 2 1 2 1 0 0 0 0 2 2 0 0 0 0 0
0 0 0 0 0 0 0 0 0 0 2 1 2 4 0 0 0 0 0
0 0 0 0 0 0 2 1 0 0 0 0 2 4 0 0 0 0 0
0 0 0 0 0 0 2 1 0 0 2 1 2 2 0 0 0 0 0
0 0 0 0 2 1 0 0 0 0 2 1 2 2 0 0 0 0 0
0 0 0 0 2 2 2 1 2 1 0 0 2 2 0 0 0 0 0
0 0 0 0 2 1 0 0 0 0 2 1 2 4 0 0 0 0 0
0 0 0 0 2 1 0 0 0 0 0 0 2 4 0 0 0 0 0
0 0 0 0 0 0 4 2 0 0 0 0 2 4 0 0 0 0 0
0 0 0 0 2 1 2 1 0 0 4 1 2 4 0 0 0 0 0
0 0 0 0 0 0 0 0 2 2 2 1 2 2 0 0 0 0 0
0 0 0 0 2 1 2 1 2 1 0 0 2 2 0 0 0 0 0
0 0 0 0 0 0 0 0 0 0 2 1 2 4 0 0 0 0 0
0 0 0 0 2 1 2 1 0 0 0 0 2 4 0 0 0 0 0
0 0 0 0 0 0 2 1 2 1 2 1 2 2 0 0 0 0 0
0 0 0 0 0 0 2 1 0 0 2 1 2 2 0 0 0 0 0
0 0 0 0 2 2 2 1 0 0 2 1 2 2 0 0 0 0 0
0 0 0 0 0 0 0 0 0 0 2 1 2 4 0 0 0 0 0
0 0 0 0 0 0 2 1 0 0 0 0 2 4 0 0 0 0 0
0 0 0 0 0 0 0 0 2 2 2 1 2 2 0 0 0 0 0
0 0 0 0 0 0 2 1 2 1 0 0 2 2 0 0 0 0 0
0 0 0 0 0 0 0 0 0 0 2 1 2 4 0 0 0 0 0
0 0 0 0 0 0 2 1 0 0 0 0 2 4 0 0 0 0 0
0 0 0 0 0 0 2 2 2 1 2 1 2 2 0 0 0 0 0
0 0 0 0 0 0 2 1 2 1 2 2 2 2 0 0 0 0 0
0 0 0 0 2 1 0 0 0 0 2 1 2 4 0 0 0 0 0
0 0 0 0 0 0 0 0 0 0 0 0 2 4 0 0 0 0 0
0 0 0 0 0 0 0 0 2 1 0 0 2 4 0 0 0 0 0
0 0 0 0 0 0 4 2 2 1 0 0 2 4 0 0 0 0 0
0 0 0 0 0 0 0 0 0 0 4 1 2 4 0 0 0 0 0
0 0 0 0 2 2 0 0 0 0 0 0 2 4 0 0 0 0 0
0 0 0 0 2 1 0 0 2 1 0 0 2 4 0 0 0 0 0
0 0 0 0 0 0 0 0 2 1 0 0 2 4 0 0 0 0 0
0 0 0 0 0 0 0 0 0 0 0 0 2 4 0 0 0 0 0
0 0 0 0 2 1 2 1 0 0 0 0 2 4 0 0 0 0 0
0 0 0 0 0 0 2 2 2 1 2 1 2 2 0 0 0 0 0
0 0 0 0 0 0 2 1 2 1 2 2 2 2 0 0 0 0 0
0 0 0 0 0 0 0 0 0 0 2 1 2 4 0 0 0 0 0
0 0 0 0 0 0 2 1 0 0 0 0 2 4 0 0 0 0 0
0 0 0 0 2 2 0 0 0 0 2 1 2 4 0 0 0 0 0
0 0 0 0 2 1 0 0 2 1 0 0 2 4 0 0 0 0 0
0 0 0 0 0 0 0 0 2 1 0 0 2 4 0 0 0 0 0
0 0 0 0 0 0 0 0 2 1 0 0 2 4 0 0 0 0 0
0 0 0 0 2 1 0 0 2 1 0 0 2 4 0 0 0 0 0
0 0 0 0 2 1 0 0 2 1 0 0 2 4 0 0 0 0 0
0 0 0 0 0 0 0 0 2 1 0 0 2 4 0 0 0 0 0
0 0 0 0 0 0 2 1 0 0 0 0 2 4 0 0 0 0 0
0 0 0 0 2 1 0 0 0 0 2 1 2 2 0 0 0 0 0
0 0 0 0 2 1 2 1 0 0 0 0 2 2 0 0 0 0 0
0 0 0 0 0 0 0 0 2 1 2 1 2 4 0 0 0 0 0
0 0 0 0 0 0 2 2 0 0 0 0 2 4 0 0 0 0 0
0 0 0 0 2 1 0 0 2 1 2 2 2 2 0 0 0 0 0
0 0 0 0 2 1 2 1 2 2 0 0 2 2 0 0 0 0 0
0 0 0 0 0 0 0 0 2 1 2 1 2 4 0 0 0 0 0
0 0 0 0 0 0 0 0 0 0 0 0 2 4 0 0 0 0 0
0 0 0 0 2 1 0 0 2 1 0 0 2 4 0 0 0 0 0
0 0 0 0 2 1 0 0 2 1 0 0 2 4 0 0 0 0 0
0 0 0 0 0 0 0 0 2 1 0 0 2 4 0 0 0 0 0
0 0 0 0 0 0 2 1 0 0 0 0 2 4 0 0 0 0 0
0 0 0 0 0 0 2 1 0 0 2 1 2 4 0 0 0 0 0
0 0 0 0 2 1 0 0 0 0 2 1 2 2 0 0 0 0 0
0 0 0 0 2 1 0 0 2 1 0 0 2 2 0 0 0 0 0
0 0 0 0 2 1 0 0 2 1 0 0 2 2 0 0 0 0 0
0 0 0 0 2 1 0 0 2 1 0 0 2 2 0 0 0 0 0
0 0 0 0 2 1 0 0 0 0 0 0 2 2 0 0 0 0 0
0 0 0 0 2 1 2 2 2 1 0 0 2 2 0 0 0 0 0
0 0 0 0 0 0 2 1 0 0 2 2 2 4 0 0 0 0 0
0 0 0 0 0 0 0 0 0 0 2 1 2 2 0 0 0 0 0
0 0 0 0 0 0 2 2 0 0 0 0 2 2 0 0 0 0 0
0 0 0 0 2 1 2 2 2 1 2 2 2 2 0 1 1 4 22
0 0 0 0 0 0 0 0 0 0 2 2 2 4 0 0 0 0 0
0 0 0 0 2 1 2 1 0 0 0 0 2 4 0 0 0 0 0
0 0 0 0 2 2 0 0 0 0 2 1 2 2 0 0 0 0 0
0 0 0 0 2 1 2 1 0 0 0 0 2 2 0 0 0 0 0
0 0 0 0 0 0 2 1 0 0 2 1 2 4 0 0 0 0 0
0 0 0 0 2 1 0 0 0 0 2 1 2 2 0 0 0 0 0
0 0 0 0 2 1 2 2 2 1 0 0 2 2 0 0 0 0 0
0 0 0 0 2 1 2 1 2 2 2 2 2 2 0 0 0 0 0
0 0 0 0 0 0 2 1 0 0 2 1 2 4 0 0 0 0 0
0 0 0 0 0 0 2 1 0 0 2 1 2 4 0 0 0 0 0
0 0 0 0 0 0 2 1 2 2 2 1 2 2 0 0 0 0 0
0 0 0 0 2 1 0 0 0 0 2 1 2 4 0 0 0 0 0
0 0 0 0 2 1 0 0 2 2 0 0 2 4 0 0 0 0 0
0 0 0 0 2 1 2 1 0 0 0 0 2 4 0 0 0 0 0
0 0 0 0 0 0 2 1 2 1 2 1 2 2 0 0 0 0 0
0 0 0 0 2 1 0 0 0 0 2 1 2 4 0 0 0 0 0
0 0 0 0 0 0 2 1 0 0 0 0 2 4 0 0 0 0 0
0 0 0 0 0 0 0 0 0 0 2 1 2 2 0 0 0 0 0
0 0 0 0 0 0 2 2 0 0 0 0 2 2 0 0 0 0 0
0 0 0 0 2 1 2 2 2 1 2 2 2 2 0 0 0 0 0
0 0 0 0 0 0 0 0 0 0 2 2 2 4 0 0 0 0 0
0 0 0 0 0 0 2 2 0 0 0 0 2 4 0 0 0 0 0
0 0 0 0 0 0 0 0 3 1 2 2 2 2 0 0 0 0 0
0 0 0 0 0 0 2 1 3 1 0 0 2 2 0 0 0 0 0
0 0 0 0 0 0 2 2 3 1 2 1 2 4 0 0 0 0 0
0 0 0 0 0 0 2 1 3 1 2 2 2 2 0 0 0 0 0
0 0 0 0 2 1 0 0 3 1 2 1 2 2 0 0 0 0 0
0 0 0 0 2 2 2 1 3 1 0 0 2 2 0 0 0 0 0
0 0 0 0 0 0 2 1 3 1 2 1 2 4 0 0 0 0 0
0 0 0 0 0 0 0 0 0 0 2 1 2 4 0 0 0 0 0
0 0 0 0 2 2 0 0 2 1 0 0 2 4 0 0 0 0 0
0 0 0 0 0 0 2 1 2 1 0 0 2 4 0 0 0 0 0
0 0 0 0 2 2 2 1 0 0 2 1 2 2 0 0 0 0 0
0 0 0 0 0 0 0 0 0 0 2 1 2 4 0 0 0 0 0
0 0 0 0 2 1 0 0 2 1 0 0 2 4 0 0 0 0 0
0 0 0 0 0 0 0 0 2 1 0 0 2 4 0 0 0 0 0
0 0 0 0 0 0 2 1 0 0 0 0 2 4 0 0 0 0 0
0 0 0 0 0 0 0 0 2 1 2 1 2 2 0 0 0 0 0
0 0 0 0 0 0 2 1 2 1 0 0 2 2 0 0 0 0 0
0 0 0 0 2 1 0 0 0 0 2 1 2 4 0 0 0 0 0
0 0 0 0 0 0 0 0 1 1 0 0 2 4 0 0 0 0 0
0 0 0 0 0 0 3 1 1 1 0 0 2 4 0 0 0 0 0
0 0 0 0 3 1 3 1 3 2 3 1 2 5 0 1 1 4 17
0 0 0 0 3 1 3 1 3 2 3 1 2 5 0 0 0 0 0
0 0 0 0 3 1 3 1 3 2 3 1 2 5 0 0 0 0 0
0 0 0 0 3 1 3 1 3 2 3 1 2 5 0 1 1 4 19
0 0 0 0 3 1 3 1 3 2 3 1 2 5 0 0 0 0 0
0 0 0 0 3 1 3 1 3 2 3 1 2 5 0 0 0 0 0
0 0 0 0 3 1 3 1 3 2 3 1 2 5 0 1 1 4 20
0 0 0 0 0 0 2 1 0 0 2 1 2 4 0 0 0 0 0
0 0 0 0 2 1 0 0 2 1 2 1 2 2 0 0 0 0 0
0 0 0 0 2 1 0 0 2 1 0 0 2 2 0 0 0 0 0
0 0 0 0 0 0 2 1 0 0 0 0 2 2 0 0 0 0 0
0 0 0 0 0 0 2 1 2 1 2 1 2 4 0 0 0 0 0
0 0 0 0 2 1 0 0 0 0 2 1 2 2 0 0 0 0 0
0 0 0 0 2 1 2 1 0 0 0 0 2 2 0 0 0 0 0
0 0 0 0 0 0 0 0 0 0 2 1 2 4 0 0 0 0 0
0 0 0 0 2 1 0 0 0 0 0 0 2 4 0 0 0 0 0
0 0 0 0 2 1 2 1 0 0 0 0 2 4 0 0 0 0 0
0 0 0 0 0 0 4 2 0 0 2 1 2 4 0 1 1 4 16
0 0 0 0 1 1 0 0 1 1 4 1 2 5 0 0 0 0 0
0 0 0 0 1 1 0 0 1 1 0 0 2 5 0 1 1 4 31
0 0 0 0 3 2 0 0 3 2 0 0 2 5 0 0 0 0 0
0 0 0 0 3 2 0 0 3 2 0 0 2 5 0 0 0 0 0
0 0 0 0 3 2 0 0 3 2 0 0 2 5 0 0 0 0 0
0 0 0 0 3 2 0 0 3 2 0 0 2 5 0 0 0 0 0
0 0 0 0 3 2 0 0 3 2 0 0 2 5 0 0 0 0 0
0 0 0 0 3 2 0 0 3 2 0 0 2 5 0 0 0 0 0
0 0 0 0 3 2 1 1 3 2 0 0 2 5 0 1 1 4 29
0 0 0 0 0 0 2 1 2 1 2 1 2 4 0 0 0 0 0
0 0 0 0 2 1 0 0 2 1 2 1 2 2 0 0 0 0 0
0 0 0 0 2 1 2 2 2 1 0 0 2 2 0 0 0 0 0
0 0 0 0 0 0 0 0 2 1 2 2 2 2 0 0 0 0 0
0 0 0 0 2 1 0 0 2 1 0 0 2 2 0 0 0 0 0
0 0 0 0 0 0 0 0 2 1 0 0 2 2 0 0 0 0 0
0 0 0 0 0 0 2 2 2 1 0 0 2 2 0 0 0 0 0
0 0 0 0 0 0 0 0 2 1 2 2 2 4 0 0 0 0 0
0 0 0 0 0 0 0 0 2 1 0 0 2 4 0 0 0 0 0
0 0 0 0 0 0 2 1 2 1 0 0 2 4 0 0 0 0 0
0 0 0 0 0 0 1 1 2 1 2 1 2 4 0 0 0 0 0
0 0 0 0 1 1 0 0 1 1 1 1 2 2 0 0 0 0 0
0 0 0 0 1 1 3 1 1 1 0 0 2 2 0 0 0 0 0
0 0 0 0 3 2 3 1 3 1 3 1 2 5 0 0 0 0 0
0 0 0 0 3 2 3 1 3 1 3 1 2 5 0 0 0 0 0
0 0 0 0 3 2 3 1 3 1 3 1 2 5 0 1 1 4 18
0 0 0 0 3 2 3 1 3 1 3 1 2 5 0 0 0 0 0
0 0 0 0 3 2 3 1 3 1 3 1 2 5 0 0 0 0 0
0 0 0 0 3 2 3 1 3 1 3 1 2 5 0 0 0 0 0
0 0 0 0 3 2 3 1 3 1 3 1 2 5 0 0 0 0 0
