0 0 0 0 10 10 5 0 0 0 5 1 1 5 5 5 5 15 16 5 5 1 1 8 11 0 10 0 0 0 0 0 0
0 0 0 0 4 1 4 2 4 1 4 1 2 4 0 1 1 8 20
0 0 0 0 4 1 0 0 4 1 4 2 2 4 0 0 0 0 0
0 0 0 0 4 1 0 0 4 1 0 0 2 4 0 0 0 0 0
0 0 0 0 4 1 0 0 4 1 0 0 2 4 0 1 1 8 18
0 0 0 0 4 1 0 0 4 1 0 0 2 4 0 0 0 0 0
0 0 0 0 4 1 4 1 0 0 0 0 2 4 0 0 0 0 0
0 0 0 0 4 1 4 2 0 0 4 1 2 4 15 0 0 0 0
0 0 0 0 4 1 4 2 4 1 4 2 2 4 0 0 0 0 0
0 0 0 0 4 1 0 0 4 1 4 2 2 4 0 0 0 0 0
0 0 0 0 4 1 4 1 4 1 0 0 2 4 0 0 0 0 0
0 0 0 0 4 1 4 1 4 2 4 1 2 4 15 0 0 0 0
0 0 0 0 4 1 0 0 4 1 4 1 2 4 15 0 0 0 0
0 0 0 0 4 1 4 1 4 2 0 0 2 4 15 0 0 0 0
0 0 0 0 4 1 0 0 4 1 4 1 2 4 15 0 0 0 0
0 0 0 0 4 1 4 1 4 2 0 0 2 4 0 1 1 8 15
0 0 0 0 0 0 4 1 0 0 4 1 2 4 0 0 0 0 0
0 0 0 0 0 0 4 1 0 0 4 1 2 4 15 0 0 0 0
0 0 0 0 4 1 4 2 4 1 4 1 2 4 0 1 1 8 11
0 0 0 0 4 1 0 0 0 0 4 2 2 4 0 0 0 0 0
0 0 0 0 4 1 4 1 0 0 0 0 2 4 0 0 0 0 0
0 0 0 0 4 2 0 0 4 2 4 1 2 4 0 0 0 0 0
0 0 0 0 4 1 0 0 4 1 0 0 2 4 0 0 0 0 0
0 0 0 0 4 2 0 0 4 1 0 0 2 4 0 0 0 0 0
0 0 0 0 4 1 0 0 4 1 0 0 2 4 0 0 0 0 0
0 0 0 0 4 2 0 0 4 1 0 0 2 4 0 0 0 0 0
0 0 0 0 0 0 4 1 0 0 0 0 2 4 0 0 0 0 0
0 0 0 0 0 0 4 1 0 0 4 1 2 4 15 0 0 0 0
0 0 0 0 4 1 4 2 0 0 4 1 2 4 15 0 0 0 0
0 0 0 0 0 0 0 0 4 1 4 2 2 4 0 0 0 0 0
0 0 0 0 0 0 4 1 4 1 0 0 2 4 0 0 0 0 0
0 0 0 0 4 2 4 1 4 1 4 1 2 4 0 1 1 8 17
0 0 0 0 4 1 0 0 4 2 4 1 2 4 15 0 0 0 0
0 0 0 0 4 1 4 1 4 1 0 0 2 4 15 0 0 0 0
0 0 0 0 4 1 0 0 4 1 4 1 2 4 15 0 0 0 0
0 0 0 0 4 1 4 1 4 2 0 0 2 4 15 0 0 0 0
0 0 0 0 0 0 4 1 0 0 4 1 2 4 0 0 0 0 0
0 0 0 0 0 0 4 1 0 0 4 1 2 4 15 0 0 0 0
0 0 0 0 0 0 4 2 4 1 4 1 2 4 15 0 0 0 0
0 0 0 0 4 1 0 0 4 1 4 2 2 4 15 1 1 8 12
0 0 0 0 4 1 4 1 4 2 0 0 2 4 15 0 0 0 0
0 0 0 0 4 1 0 0 0 0 4 1 2 4 0 0 0 0 0
0 0 0 0 4 2 0 0 4 1 0 0 2 4 0 0 0 0 0
0 0 0 0 4 1 0 0 4 1 0 0 2 4 0 0 0 0 0
0 0 0 0 4 1 0 0 4 2 0 0 2 4 0 0 0 0 0
0 0 0 0 4 2 0 0 4 1 0 0 2 4 0 0 0 0 0
0 0 0 0 0 0 4 1 4 2 0 0 2 4 0 0 0 0 0
0 0 0 0 0 0 0 0 0 0 4 1 2 4 15 0 0 0 0
0 0 0 0 4 1 0 0 4 1 0 0 2 4 15 0 0 0 0
0 0 0 0 4 1 0 0 4 2 0 0 2 4 15 0 0 0 0
0 0 0 0 4 2 4 1 4 1 0 0 2 4 15 0 0 0 0
0 0 0 0 0 0 4 1 0 0 4 1 2 4 0 0 0 0 0
0 0 0 0 4 1 4 1 4 2 4 1 2 4 0 1 1 8 14
0 0 0 0 4 1 0 0 4 1 4 1 2 4 15 0 0 0 0
0 0 0 0 4 2 4 1 4 1 0 0 2 4 15 0 0 0 0
0 0 0 0 4 1 0 0 4 1 4 1 2 4 15 0 0 0 0
0 0 0 0 4 2 4 2 4 1 0 0 2 4 15 0 0 0 0
0 0 0 0 0 0 4 1 0 0 4 2 2 4 15 0 0 0 0
0 0 0 0 4 1 4 1 0 0 4 1 2 4 0 0 0 0 0
0 0 0 0 4 2 4 1 4 1 4 1 2 4 0 1 1 8 13
0 0 0 0 4 1 4 1 0 0 4 1 2 4 0 0 0 0 0
0 0 0 0 0 0 0 0 4 2 4 1 2 4 0 0 0 0 0
0 0 0 0 4 2 0 0 4 1 0 0 2 4 0 0 0 0 0
0 0 0 0 4 1 0 0 4 1 0 0 2 4 0 0 0 0 0
0 0 0 0 4 1 0 0 4 1 0 0 2 4 0 0 0 0 0
0 0 0 0 4 1 0 0 4 2 0 0 2 4 0 0 0 0 0
0 0 0 0 4 1 4 1 4 2 0 0 2 4 0 0 0 0 0
0 0 0 0 0 0 4 1 0 0 4 1 2 4 0 0 0 0 0
0 0 0 0 0 0 0 0 4 1 4 1 2 4 0 0 0 0 0
0 0 0 0 4 1 0 0 4 1 0 0 2 4 0 0 0 0 0
0 0 0 0 0 0 4 1 4 1 0 0 2 4 0 0 0 0 0
0 0 0 0 4 2 4 2 4 1 4 1 2 4 15 0 0 0 0
0 0 0 0 4 1 0 0 4 1 4 2 2 4 15 0 0 0 0
0 0 0 0 4 1 4 1 4 2 0 0 2 4 15 0 0 0 0
0 0 0 0 4 1 0 0 4 1 4 1 2 4 15 0 0 0 0
0 0 0 0 4 2 4 1 4 1 0 0 2 4 15 1 1 8 16
0 0 0 0 4 2 4 1 4 1 4 1 2 4 15 0 0 0 0
0 0 0 0 0 0 0 0 0 0 4 1 2 4 0 0 0 0 0
0 0 0 0 4 1 0 0 4 1 0 0 2 4 0 0 0 0 0
0 0 0 0 4 1 0 0 4 1 0 0 2 4 0 0 0 0 0
0 0 0 0 4 1 4 1 4 1 0 0 2 4 0 0 0 0 0
0 0 0 0 4 1 0 0 4 2 4 1 2 4 0 0 0 0 0
0 0 0 0 4 1 0 0 4 2 0 0 2 4 0 0 0 0 0
0 0 0 0 4 2 0 0 4 1 0 0 2 4 0 0 0 0 0
0 0 0 0 4 1 0 0 4 2 0 0 2 4 0 0 0 0 0
0 0 0 0 4 1 0 0 4 1 0 0 2 4 0 0 0 0 0
0 0 0 0 4 1 0 0 4 2 0 0 2 4 0 0 0 0 0
0 0 0 0 0 0 4 2 0 0 0 0 2 4 0 0 0 0 0
0 0 0 0 4 1 4 1 4 1 4 2 2 4 15 0 0 0 0
0 0 0 0 4 1 0 0 0 0 4 1 2 4 0 0 0 0 0
0 0 0 0 4 1 4 1 0 0 0 0 2 4 0 0 0 0 0
0 0 0 0 4 2 4 1 4 1 4 1 2 4 0 1 1 8 19
0 0 0 0 4 2 0 0 4 1 4 1 2 4 15 0 0 0 0
0 0 0 0 4 1 4 1 4 1 0 0 2 4 15 0 0 0 0
0 0 0 0 4 2 0 0 4 1 4 1 2 4 15 0 0 0 0
0 0 0 0 4 1 4 1 4 1 0 0 2 4 15 0 0 0 0
0 0 0 0 4 2 4 1 4 1 4 1 2 4 15 0 0 0 0
0 0 0 0 0 0 4 1 4 1 4 1 2 4 0 0 0 0 0
0 0 0 0 4 1 0 0 4 1 4 1 2 4 0 0 0 0 0
0 0 0 0 0 0 0 0 4 1 0 0 2 4 0 0 0 0 0
0 0 0 0 0 0 4 1 4 1 0 0 2 4 0 0 0 0 0
