0 0 0 0 20 18 1 3 4 7 8 7 1 25 26 17 28 15 16 17 15 1 1 2 9 0 23 0 0 0 0 0 0
0 0 0 0 1 1 1 1 1 2 1 1 1 2 0 1 1 2 28
0 0 0 0 1 1 0 0 4 2 1 1 1 2 0 0 0 0 0
0 0 0 0 1 1 1 1 1 2 0 0 1 2 0 1 1 2 27
0 0 0 0 1 1 0 0 1 2 1 1 1 2 0 1 1 2 26
0 0 0 0 1 1 1 1 4 2 0 0 1 2 0 0 0 0 0
0 0 0 0 1 1 1 1 1 2 1 1 1 2 0 1 1 2 25
0 0 0 0 1 2 0 0 0 0 1 1 0 3 0 0 0 0 0
0 0 0 0 1 2 0 0 0 0 0 0 0 3 0 0 0 0 0
0 0 0 0 1 1 0 0 0 0 0 0 0 3 0 0 0 0 0
0 0 0 0 1 1 0 0 1 1 0 0 0 3 0 0 0 0 0
0 0 0 0 1 1 1 1 0 0 0 0 0 3 0 0 0 0 0
0 0 0 0 1 1 0 0 1 1 1 1 1 2 0 0 0 0 0
0 0 0 0 1 1 0 0 1 1 0 0 1 2 0 0 0 0 0
0 0 0 0 1 1 1 1 1 2 0 0 1 2 0 0 0 0 0
0 0 0 0 1 1 3 2 0 0 1 1 1 2 0 0 0 0 0
0 0 0 0 3 1 0 0 0 0 3 2 1 3 0 1 1 2 19
0 0 0 0 3 1 3 2 0 0 0 0 1 3 0 0 0 0 0
0 0 0 0 3 1 0 0 3 1 3 2 1 4 15 0 0 0 0
0 0 0 0 3 1 0 0 3 1 0 0 1 4 0 0 0 0 0
0 0 0 0 3 1 3 1 0 0 0 0 1 4 0 0 0 0 0
0 0 0 0 1 2 0 0 0 0 1 1 0 3 15 0 0 0 0
0 0 0 0 4 2 0 0 1 1 0 0 0 3 0 0 0 0 0
0 0 0 0 1 2 0 0 1 1 0 0 0 3 0 0 0 0 0
0 0 0 0 1 2 0 0 4 2 0 0 0 3 0 0 0 0 0
0 0 0 0 4 2 0 0 1 1 0 0 0 3 15 0 0 0 0
0 0 0 0 1 2 0 0 4 2 0 0 0 3 0 0 0 0 0
0 0 0 0 0 0 0 0 0 0 0 0 0 3 0 0 0 0 0
0 0 0 0 0 0 0 0 0 0 0 0 0 3 0 0 0 0 0
0 0 0 0 0 0 1 2 0 0 0 0 0 3 0 0 0 0 0
0 0 0 0 1 1 1 1 1 1 1 2 1 2 0 0 0 0 0
0 0 0 0 0 0 1 1 0 0 1 1 0 3 0 0 0 0 0
0 0 0 0 1 1 1 2 1 1 1 1 1 2 0 1 1 2 9
0 0 0 0 1 1 0 0 1 1 1 2 1 2 0 1 1 2 10
0 0 0 0 1 2 0 0 1 1 0 0 1 2 0 0 0 0 0
0 0 0 0 0 0 1 1 1 2 0 0 1 2 0 0 0 0 0
0 0 0 0 0 0 0 0 3 1 1 1 1 3 0 0 0 0 0
0 0 0 0 0 0 3 2 3 1 0 0 1 3 0 0 0 0 0
0 0 0 0 3 1 0 0 3 1 3 2 1 3 0 0 0 0 0
0 0 0 0 3 1 3 1 3 1 0 0 1 3 0 0 0 0 0
0 0 0 0 0 0 3 1 0 0 3 1 1 4 0 0 0 0 0
0 0 0 0 0 0 1 1 0 0 1 1 0 3 0 0 0 0 0
0 0 0 0 1 1 0 0 0 0 1 1 1 3 0 0 0 0 0
0 0 0 0 1 1 1 2 0 0 0 0 1 3 0 1 1 2 14
0 0 0 0 4 2 0 0 0 0 1 2 1 3 0 0 0 0 0
0 0 0 0 1 1 0 0 0 0 0 0 1 3 0 0 0 0 0
0 0 0 0 4 2 1 1 0 0 0 0 1 3 0 0 0 0 0
0 0 0 0 0 0 0 0 0 0 1 1 0 3 0 0 0 0 0
0 0 0 0 0 0 0 0 0 0 0 0 0 3 0 0 0 0 0
0 0 0 0 0 0 1 2 0 0 0 0 0 3 0 0 0 0 0
0 0 0 0 1 1 1 1 0 0 1 2 1 2 0 0 0 0 0
0 0 0 0 0 0 1 2 0 0 1 1 0 3 0 1 1 2 29
0 0 0 0 1 1 0 0 0 0 1 2 1 2 0 0 0 0 0
0 0 0 0 1 1 0 0 0 0 0 0 1 2 0 0 0 0 0
0 0 0 0 1 1 0 0 0 0 0 0 1 2 0 0 0 0 0
0 0 0 0 1 2 1 1 1 1 0 0 1 2 0 0 0 0 0
0 0 0 0 3 1 0 0 0 0 1 1 1 4 0 0 0 0 0
0 0 0 0 3 1 0 0 3 1 0 0 1 4 0 0 0 0 0
0 0 0 0 3 1 0 0 0 0 0 0 1 4 15 0 0 0 0
0 0 0 0 3 1 0 0 3 1 0 0 1 4 0 0 0 0 0
0 0 0 0 0 0 3 1 3 1 0 0 1 4 15 0 0 0 0
0 0 0 0 0 0 1 1 0 0 1 1 0 3 0 0 0 0 0
0 0 0 0 0 0 0 0 1 1 1 1 1 3 0 0 0 0 0
0 0 0 0 0 0 1 1 1 1 0 0 1 3 0 0 0 0 0
0 0 0 0 0 0 0 0 0 0 1 1 1 3 0 0 0 0 0
0 0 0 0 0 0 0 0 1 1 0 0 1 3 0 1 1 2 13
0 0 0 0 0 0 1 1 1 1 0 0 1 3 0 0 0 0 0
0 0 0 0 0 0 0 0 0 0 1 1 0 3 0 0 0 0 0
0 0 0 0 0 0 0 0 0 0 0 0 0 3 0 0 0 0 0
0 0 0 0 0 0 1 1 0 0 0 0 0 3 0 0 0 0 0
0 0 0 0 0 0 1 1 1 1 1 1 1 2 0 0 0 0 0
0 0 0 0 0 0 1 2 0 0 1 1 0 3 0 1 1 2 29
0 0 0 0 0 0 0 0 1 1 1 2 1 2 0 0 0 0 0
0 0 0 0 0 0 0 0 0 0 0 0 1 2 0 0 0 0 0
0 0 0 0 0 0 4 2 0 0 0 0 1 2 0 0 0 0 0
0 0 0 0 1 1 1 1 0 0 4 2 1 2 0 0 0 0 0
0 0 0 0 0 0 3 2 0 0 1 1 1 4 0 0 0 0 0
0 0 0 0 3 1 3 1 3 1 3 2 1 4 0 0 0 0 0
0 0 0 0 0 0 3 1 0 0 3 1 1 4 0 0 0 0 0
0 0 0 0 3 1 0 0 0 0 3 1 1 4 0 0 0 0 0
0 0 0 0 3 1 3 1 3 2 0 0 1 4 0 0 0 0 0
0 0 0 0 0 0 0 0 1 2 1 1 0 3 0 1 1 2 11
0 0 0 0 1 1 1 2 0 0 0 0 0 3 0 0 0 0 0
0 0 0 0 1 1 0 0 1 1 1 2 1 3 0 0 0 0 0
0 0 0 0 0 0 1 2 4 2 0 0 1 3 0 1 1 2 12
0 0 0 0 1 1 0 0 0 0 1 2 0 3 0 0 0 0 0
0 0 0 0 1 1 0 0 1 1 0 0 0 3 0 0 0 0 0
0 0 0 0 0 0 0 0 0 0 0 0 0 3 0 0 0 0 0
0 0 0 0 0 0 0 0 0 0 0 0 0 3 0 0 0 0 0
0 0 0 0 0 0 0 0 0 0 0 0 0 3 0 0 0 0 0
0 0 0 0 1 1 0 0 1 1 0 0 0 3 0 0 0 0 0
0 0 0 0 0 0 1 1 0 0 0 0 0 3 0 0 0 0 0
0 0 0 0 1 1 1 1 0 0 1 1 1 2 0 0 0 0 0
0 0 0 0 0 0 0 0 0 0 1 1 1 2 0 0 0 0 0
0 0 0 0 0 0 1 2 0 0 0 0 1 2 0 0 0 0 0
0 0 0 0 0 0 1 1 1 1 1 2 1 2 0 0 0 0 0
0 0 0 0 0 0 3 2 1 2 1 1 1 4 15 0 0 0 0
0 0 0 0 3 1 0 0 0 0 3 2 1 4 0 0 0 0 0
0 0 0 0 0 0 3 1 3 1 0 0 1 4 15 0 0 0 0
0 0 0 0 0 0 3 1 3 2 3 1 1 4 0 0 0 0 0
0 0 0 0 3 2 3 1 3 2 3 1 1 4 15 0 0 0 0
0 0 0 0 1 2 1 1 0 0 1 1 1 2 0 0 0 0 0
0 0 0 0 0 0 0 0 1 1 1 1 0 3 15 0 0 0 0
0 0 0 0 1 1 0 0 4 2 0 0 0 3 0 0 0 0 0
0 0 0 0 4 2 0 0 1 1 0 0 0 3 0 0 0 0 0
0 0 0 0 0 0 1 1 1 1 0 0 0 3 0 0 0 0 0
0 0 0 0 1 1 1 2 0 0 1 1 1 2 0 0 0 0 0
0 0 0 0 0 0 0 0 0 0 1 2 0 3 0 0 0 0 0
0 0 0 0 0 0 0 0 0 0 0 0 0 3 0 0 0 0 0
0 0 0 0 0 0 1 2 0 0 0 0 0 3 0 0 0 0 0
0 0 0 0 1 1 1 1 0 0 1 2 1 2 0 0 0 0 0
0 0 0 0 0 0 1 1 0 0 1 1 0 3 0 0 0 0 0
0 0 0 0 0 0 1 2 1 1 1 1 1 2 0 0 0 0 0
0 0 0 0 0 0 0 0 1 2 1 2 1 2 0 0 0 0 0
0 0 0 0 0 0 0 0 1 2 0 0 1 2 0 0 0 0 0
0 0 0 0 1 1 1 1 1 1 0 0 1 2 0 0 0 0 0
0 0 0 0 1 2 3 1 0 0 1 1 1 4 0 0 0 0 0
0 0 0 0 0 0 3 2 0 0 3 1 1 4 0 0 0 0 0
0 0 0 0 3 1 0 0 3 1 3 2 1 4 0 1 1 2 24
0 0 0 0 3 2 3 1 3 1 0 0 1 4 0 0 0 0 0
0 0 0 0 3 2 3 1 0 0 3 1 1 4 0 0 0 0 0
0 0 0 0 0 0 0 0 0 0 1 1 1 2 0 0 0 0 0
0 0 0 0 1 1 0 0 0 0 0 0 1 2 0 0 0 0 0
0 0 0 0 4 2 0 0 1 1 0 0 1 2 0 0 0 0 0
0 0 0 0 1 1 0 0 1 1 0 0 1 2 0 0 0 0 0
0 0 0 0 1 1 0 0 0 0 0 0 1 2 0 0 0 0 0
0 0 0 0 0 0 1 1 0 0 0 0 1 2 0 0 0 0 0
0 0 0 0 0 0 0 0 0 0 1 1 0 3 0 0 0 0 0
0 0 0 0 0 0 0 0 0 0 0 0 0 3 0 0 0 0 0
0 0 0 0 0 0 1 1 0 0 0 0 0 3 0 0 0 0 0
0 0 0 0 0 0 1 1 1 1 1 1 1 2 0 0 0 0 0
0 0 0 0 0 0 0 0 0 0 1 1 0 3 0 0 0 0 0
0 0 0 0 1 1 0 0 3 1 0 0 0 3 0 0 0 0 0
0 0 0 0 1 2 0 0 3 1 0 0 0 3 0 1 1 2 29
0 0 0 0 1 2 0 0 3 1 0 0 0 3 0 1 1 2 29
0 0 0 0 1 1 3 1 3 1 0 0 0 3 0 0 0 0 0
0 0 0 0 0 0 3 1 0 0 3 1 1 4 15 0 0 0 0
0 0 0 0 0 0 0 0 3 1 3 1 1 4 15 0 0 0 0
0 0 0 0 3 1 3 1 0 0 0 0 1 4 0 0 0 0 0
0 0 0 0 3 1 0 0 3 2 3 1 1 4 15 0 0 0 0
0 0 0 0 0 0 3 1 0 0 0 0 1 4 0 0 0 0 0
0 0 0 0 0 0 0 0 1 1 1 1 1 2 0 0 0 0 0
0 0 0 0 0 0 1 1 1 1 0 0 1 2 0 0 0 0 0
0 0 0 0 1 1 0 0 1 1 1 1 1 2 0 0 0 0 0
0 0 0 0 1 1 1 1 1 2 0 0 1 2 0 31 31 31 28
0 0 0 0 0 0 0 0 1 1 1 1 1 2 0 0 0 0 0
0 0 0 0 0 0 1 1 4 2 0 0 1 2 0 0 0 0 0
0 0 0 0 0 0 0 0 0 0 1 1 0 3 0 0 0 0 0
0 0 0 0 0 0 0 0 0 0 0 0 0 3 0 0 0 0 0
0 0 0 0 0 0 4 2 0 0 0 0 0 3 0 0 0 0 0
0 0 0 0 1 1 4 2 1 2 4 2 1 3 0 31 31 31 29
0 0 0 0 0 0 3 2 0 0 4 2 0 3 0 0 0 0 0
0 0 0 0 3 1 0 0 3 1 3 2 1 2 0 31 31 31 30
0 0 0 0 3 1 3 1 3 1 0 0 1 2 0 0 0 0 0
0 0 0 0 3 1 0 0 3 2 3 1 1 2 0 0 0 0 0
0 0 0 0 3 1 3 1 3 1 0 0 1 2 0 0 0 0 0
0 0 0 0 0 0 0 0 3 1 3 1 1 4 0 0 0 0 0
0 0 0 0 3 1 3 2 3 2 0 0 1 4 0 0 0 0 0
0 0 0 0 0 0 0 0 3 1 3 2 1 4 0 0 0 0 0
0 0 0 0 3 2 3 1 3 2 0 0 1 4 0 0 0 0 0
0 0 0 0 0 0 3 1 3 1 3 1 1 4 0 0 0 0 0
0 0 0 0 1 1 0 0 0 0 1 1 0 3 0 0 0 0 0
0 0 0 0 1 1 0 0 0 0 0 0 0 3 0 0 0 0 0
0 0 0 0 1 1 0 0 0 0 0 0 0 3 0 0 0 0 0
0 0 0 0 1 2 0 0 0 0 0 0 0 3 0 0 0 0 0
0 0 0 0 1 1 0 0 0 0 0 0 0 3 0 0 0 0 0
0 0 0 0 4 2 0 0 0 0 0 0 0 3 0 0 0 0 0
0 0 0 0 0 0 0 0 0 0 0 0 0 3 0 0 0 0 0
0 0 0 0 0 0 0 0 0 0 0 0 0 3 0 0 0 0 0
0 0 0 0 0 0 0 0 0 0 0 0 0 3 0 0 0 0 0
0 0 0 0 1 2 0 0 0 0 0 0 0 3 0 0 0 0 0
0 0 0 0 0 0 0 0 0 0 0 0 0 3 0 0 0 0 0
0 0 0 0 3 1 0 0 0 0 0 0 0 3 0 0 0 0 0
0 0 0 0 3 1 0 0 0 0 0 0 0 3 0 0 0 0 0
0 0 0 0 3 2 0 0 0 0 0 0 0 3 0 0 0 0 0
0 0 0 0 3 1 3 1 0 0 0 0 0 3 0 0 0 0 0
0 0 0 0 3 1 0 0 3 1 3 1 1 4 15 0 0 0 0
0 0 0 0 3 2 0 0 0 0 0 0 1 4 0 1 1 2 23
0 0 0 0 3 1 3 2 0 0 0 0 1 4 0 0 0 0 0
0 0 0 0 3 2 0 0 3 1 3 2 1 4 15 0 0 0 0
0 0 0 0 3 1 3 1 0 0 0 0 1 4 0 0 0 0 0
0 0 0 0 0 0 0 0 1 2 1 1 0 3 0 1 1 2 16
0 0 0 0 0 0 0 0 0 0 0 0 0 3 0 0 0 0 0
0 0 0 0 0 0 0 0 0 0 0 0 0 3 0 0 0 0 0
0 0 0 0 0 0 0 0 1 1 0 0 0 3 0 0 0 0 0
0 0 0 0 0 0 0 0 1 2 0 0 0 3 0 1 1 2 15
0 0 0 0 0 0 0 0 1 1 0 0 0 3 0 0 0 0 0
0 0 0 0 0 0 0 0 1 2 0 0 0 3 0 1 1 2 15
0 0 0 0 0 0 0 0 1 1 0 0 0 3 0 0 0 0 0
0 0 0 0 0 0 0 0 0 0 0 0 0 3 0 0 0 0 0
0 0 0 0 0 0 0 0 0 0 0 0 0 3 0 0 0 0 0
0 0 0 0 0 0 0 0 0 0 0 0 0 3 0 0 0 0 0
0 0 0 0 0 0 0 0 1 2 0 0 0 3 0 0 0 0 0
0 0 0 0 0 0 0 0 1 1 0 0 0 3 0 0 0 0 0
0 0 0 0 0 0 0 0 1 1 0 0 0 3 0 0 0 0 0
0 0 0 0 0 0 3 1 0 0 0 0 0 3 0 0 0 0 0
0 0 0 0 3 1 3 1 3 2 3 1 1 4 0 0 0 0 0
0 0 0 0 0 0 0 0 3 1 3 1 1 4 15 0 0 0 0
0 0 0 0 0 0 3 1 0 0 0 0 1 4 0 0 0 0 0
0 0 0 0 3 1 3 1 0 0 3 1 1 4 15 0 0 0 0
0 0 0 0 0 0 3 1 3 2 3 1 1 4 0 0 0 0 0
0 0 0 0 1 2 1 1 0 0 1 1 1 3 0 0 0 0 0
0 0 0 0 0 0 0 0 0 0 1 1 0 3 0 0 0 0 0
0 0 0 0 0 0 1 1 0 0 0 0 0 3 0 0 0 0 0
0 0 0 0 1 1 0 0 2 1 1 1 0 1 0 0 0 0 0
0 0 0 0 1 2 0 0 2 1 0 0 0 1 0 0 0 0 0
0 0 0 0 1 1 0 0 2 1 0 0 0 1 0 0 0 0 0
0 0 0 0 1 2 0 0 2 1 0 0 0 1 0 0 0 0 0
0 0 0 0 1 1 1 2 1 1 0 0 0 1 0 0 0 0 0
0 0 0 0 0 0 0 0 0 0 1 2 0 3 0 1 1 2 15
0 0 0 0 0 0 0 0 0 0 0 0 0 3 0 0 0 0 0
0 0 0 0 0 0 1 1 0 0 0 0 0 3 0 0 0 0 0
0 0 0 0 1 2 0 0 1 1 1 1 1 3 0 0 0 0 0
0 0 0 0 1 1 1 2 0 0 0 0 1 3 0 0 0 0 0
0 0 0 0 1 1 1 1 1 1 1 2 1 2 0 0 0 0 0
0 0 0 0 0 0 1 1 0 0 1 1 0 3 0 0 0 0 0
0 0 0 0 3 2 3 2 3 1 1 1 1 4 0 0 0 0 0
0 0 0 0 3 1 3 2 3 1 3 2 1 4 0 0 0 0 0
0 0 0 0 0 0 3 2 3 1 3 2 1 4 0 0 0 0 0
0 0 0 0 0 0 3 2 0 0 3 2 1 4 0 0 0 0 0
0 0 0 0 3 2 3 1 3 1 3 2 1 4 0 0 0 0 0
0 0 0 0 0 0 4 2 0 0 1 1 1 3 0 0 0 0 0
0 0 0 0 0 0 0 0 1 2 4 2 0 3 0 0 0 0 0
0 0 0 0 0 0 1 1 0 0 0 0 0 3 0 0 0 0 0
0 0 0 0 2 1 0 0 1 2 1 1 0 1 0 0 0 0 0
0 0 0 0 2 1 0 0 0 0 0 0 0 1 0 0 0 0 0
0 0 0 0 2 1 0 0 0 0 0 0 0 1 0 0 0 0 0
0 0 0 0 2 1 1 1 0 0 0 0 0 1 0 0 0 0 0
0 0 0 0 1 1 0 0 0 0 1 1 0 3 0 0 0 0 0
0 0 0 0 0 0 0 0 1 2 0 0 0 3 0 0 0 0 0
0 0 0 0 0 0 0 0 1 2 0 0 0 3 0 0 0 0 0
0 0 0 0 0 0 0 0 1 2 0 0 0 3 0 0 0 0 0
0 0 0 0 1 1 1 1 0 0 0 0 0 3 0 0 0 0 0
0 0 0 0 0 0 0 0 1 1 1 1 1 3 0 0 0 0 0
0 0 0 0 1 1 1 1 1 1 0 0 1 3 0 0 0 0 0
0 0 0 0 0 0 1 1 0 0 1 1 0 3 0 0 0 0 0
0 0 0 0 3 1 0 0 3 2 1 1 1 4 0 0 0 0 0
0 0 0 0 3 1 3 1 0 0 0 0 1 4 0 0 0 0 0
0 0 0 0 3 1 3 1 3 1 3 1 1 4 0 0 0 0 0
0 0 0 0 0 0 3 2 3 1 3 1 1 4 0 0 0 0 0
0 0 0 0 3 1 3 1 3 2 3 2 1 4 0 0 0 0 0
0 0 0 0 0 0 1 1 0 0 1 1 1 3 0 1 1 2 30
0 0 0 0 1 2 1 1 1 1 1 1 1 2 0 0 0 0 0
0 0 0 0 0 0 0 0 1 1 1 1 0 3 0 0 0 0 0
0 0 0 0 1 2 1 1 0 0 0 0 0 3 0 1 1 2 15
0 0 0 0 0 0 0 0 0 0 1 1 0 1 0 0 0 0 0
0 0 0 0 0 0 0 0 0 0 0 0 0 1 0 0 0 0 0
0 0 0 0 0 0 1 2 0 0 0 0 0 1 0 0 0 0 0
0 0 0 0 0 0 1 1 0 0 1 2 0 3 0 1 1 2 15
0 0 0 0 1 2 1 1 1 2 1 1 0 2 0 1 1 2 17
0 0 0 0 1 2 1 1 1 2 1 1 0 2 0 1 1 2 17
0 0 0 0 1 2 1 1 1 2 1 1 0 2 0 1 1 2 17
0 0 0 0 0 0 1 2 0 0 1 1 0 3 0 0 0 0 0
0 0 0 0 1 1 0 0 1 1 1 2 1 2 0 0 0 0 0
0 0 0 0 1 1 1 1 1 1 0 0 1 2 0 0 0 0 0
0 0 0 0 0 0 1 1 0 0 1 1 0 3 0 0 0 0 0
0 0 0 0 3 2 3 1 0 0 1 1 1 4 0 1 1 2 20
0 0 0 0 0 0 0 0 3 1 3 1 1 4 0 0 0 0 0
0 0 0 0 3 1 0 0 3 1 0 0 1 4 0 0 0 0 0
0 0 0 0 3 1 0 0 0 0 0 0 1 4 0 0 0 0 0
0 0 0 0 3 2 3 1 3 1 0 0 1 4 0 0 0 0 0
0 0 0 0 0 0 0 0 1 1 1 1 1 3 0 0 0 0 0
0 0 0 0 1 1 0 0 1 1 0 0 1 3 0 1 1 2 31
0 0 0 0 1 1 1 2 1 1 0 0 1 3 0 0 0 0 0
0 0 0 0 0 0 1 1 0 0 1 2 0 3 0 1 1 2 16
0 0 0 0 0 0 0 0 1 2 1 1 0 1 0 0 0 0 0
0 0 0 0 0 0 0 0 1 1 0 0 0 1 0 0 0 0 0
0 0 0 0 0 0 1 1 1 2 0 0 0 1 0 0 0 0 0
0 0 0 0 0 0 1 1 0 0 1 1 0 3 0 0 0 0 0
0 0 0 0 1 2 0 0 0 0 1 1 1 3 0 0 0 0 0
0 0 0 0 1 2 0 0 0 0 0 0 1 3 0 0 0 0 0
0 0 0 0 1 2 1 1 0 0 0 0 1 3 0 0 0 0 0
0 0 0 0 0 0 0 0 0 0 1 1 0 3 0 0 0 0 0
0 0 0 0 1 1 0 0 0 0 0 0 0 3 0 0 0 0 0
0 0 0 0 1 1 0 0 0 0 0 0 0 3 0 0 0 0 0
0 0 0 0 0 0 1 1 0 0 0 0 0 3 0 0 0 0 0
0 0 0 0 0 0 0 0 0 0 1 1 1 4 0 0 0 0 0
0 0 0 0 3 1 0 0 1 1 0 0 1 4 0 0 0 0 0
0 0 0 0 3 1 3 1 0 0 0 0 1 4 0 0 0 0 0
0 0 0 0 0 0 3 1 3 2 3 1 1 4 0 0 0 0 0
0 0 0 0 3 1 0 0 0 0 3 1 1 4 0 0 0 0 0
0 0 0 0 1 1 0 0 4 1 1 1 0 3 0 0 0 0 0
0 0 0 0 1 1 0 0 4 1 0 0 0 3 0 0 0 0 0
0 0 0 0 1 1 0 0 4 1 0 0 0 3 0 0 0 0 0
0 0 0 0 0 0 0 0 4 1 0 0 0 3 0 0 0 0 0
0 0 0 0 1 2 0 0 4 1 0 0 0 3 0 1 1 2 15
0 0 0 0 1 1 0 0 4 1 0 0 0 3 0 0 0 0 0
0 0 0 0 1 2 0 0 4 1 0 0 0 3 0 1 1 2 15
0 0 0 0 0 0 1 1 4 1 0 0 0 3 0 0 0 0 0
0 0 0 0 0 0 0 0 1 2 1 1 1 3 0 0 0 0 0
0 0 0 0 0 0 0 0 1 2 0 0 1 3 0 0 0 0 0
0 0 0 0 0 0 1 1 1 2 0 0 1 3 0 0 0 0 0
0 0 0 0 0 0 0 0 4 1 1 1 0 3 0 0 0 0 0
0 0 0 0 0 0 0 0 4 1 0 0 0 3 0 0 0 0 0
0 0 0 0 0 0 0 0 4 1 0 0 0 3 0 0 0 0 0
0 0 0 0 0 0 1 1 4 1 0 0 0 3 0 0 0 0 0
0 0 0 0 0 0 1 1 1 1 1 1 1 4 0 0 0 0 0
0 0 0 0 1 1 1 2 1 1 1 1 1 4 0 1 1 2 21
0 0 0 0 0 0 3 1 3 1 1 2 1 4 0 0 0 0 0
0 0 0 0 3 2 3 1 3 1 3 1 1 4 15 1 1 2 22
0 0 0 0 0 0 0 0 0 0 3 1 1 4 0 0 0 0 0
0 0 0 0 4 1 0 0 0 0 0 0 0 3 0 0 0 0 0
0 0 0 0 4 1 0 0 0 0 0 0 0 3 0 0 0 0 0
0 0 0 0 4 1 0 0 0 0 0 0 0 3 0 0 0 0 0
0 0 0 0 4 1 0 0 0 0 0 0 0 3 0 0 0 0 0
0 0 0 0 4 1 0 0 0 0 0 0 0 3 0 0 0 0 0
0 0 0 0 4 1 0 0 0 0 0 0 0 3 0 0 0 0 0
0 0 0 0 4 1 0 0 0 0 0 0 0 3 0 0 0 0 0
0 0 0 0 4 1 4 1 0 0 0 0 0 3 0 0 0 0 0
0 0 0 0 1 2 0 0 0 0 4 1 0 3 0 0 0 0 0
0 0 0 0 1 2 0 0 0 0 0 0 0 3 0 0 0 0 0
0 0 0 0 1 2 4 1 0 0 0 0 0 3 0 0 0 0 0
0 0 0 0 4 1 0 0 0 0 4 1 0 3 0 0 0 0 0
0 0 0 0 4 1 0 0 0 0 0 0 0 3 0 0 0 0 0
0 0 0 0 4 1 0 0 0 0 0 0 0 3 0 0 0 0 0
0 0 0 0 4 1 0 0 0 0 0 0 0 3 0 0 0 0 0
0 0 0 0 1 1 0 0 0 0 0 0 0 3 0 0 0 0 0
0 0 0 0 1 1 0 0 0 0 0 0 0 3 0 0 0 0 0
0 0 0 0 3 1 0 0 0 0 0 0 0 3 0 0 0 0 0
0 0 0 0 3 1 0 0 0 0 0 0 0 3 0 0 0 0 0
0 0 0 0 0 0 0 0 0 0 0 0 0 3 0 0 0 0 0
0 0 0 0 0 0 0 0 0 0 0 0 0 3 0 0 0 0 0
0 0 0 0 0 0 0 0 0 0 0 0 0 3 0 0 0 0 0
0 0 0 0 0 0 0 0 0 0 0 0 0 3 0 0 0 0 0
0 0 0 0 0 0 0 0 0 0 0 0 0 3 0 0 0 0 0
0 0 0 0 0 0 0 0 0 0 0 0 0 3 0 0 0 0 0
0 0 0 0 0 0 0 0 0 0 0 0 0 3 0 0 0 0 0
0 0 0 0 0 0 0 0 0 0 0 0 0 3 0 0 0 0 0
0 0 0 0 0 0 4 1 0 0 0 0 0 3 0 0 0 0 0
0 0 0 0 0 0 0 0 4 1 4 1 0 3 0 1 1 2 18
0 0 0 0 0 0 0 0 4 1 0 0 0 3 0 1 1 2 18
0 0 0 0 0 0 4 1 4 1 0 0 0 3 0 1 1 2 18
0 0 0 0 0 0 0 0 0 0 4 1 0 3 0 0 0 0 0
0 0 0 0 0 0 0 0 0 0 0 0 0 3 0 0 0 0 0
0 0 0 0 0 0 0 0 0 0 0 0 0 3 0 0 0 0 0
0 0 0 0 0 0 0 0 0 0 0 0 0 3 0 0 0 0 0
0 0 0 0 0 0 0 0 0 0 0 0 0 3 0 0 0 0 0
0 0 0 0 0 0 0 0 0 0 0 0 0 3 0 0 0 0 0
0 0 0 0 0 0 0 0 0 0 0 0 0 3 0 0 0 0 0
0 0 0 0 0 0 0 0 0 0 0 0 0 3 0 0 0 0 0
0 0 0 0 0 0 0 0 0 0 0 0 0 3 0 0 0 0 0
0 0 0 0 0 0 0 0 0 0 0 0 0 3 0 0 0 0 0
0 0 0 0 0 0 0 0 0 0 0 0 0 3 0 0 0 0 0
0 0 0 0 0 0 0 0 0 0 0 0 0 3 0 0 0 0 0
0 0 0 0 0 0 0 0 0 0 0 0 0 3 0 0 0 0 0
0 0 0 0 0 0 0 0 0 0 0 0 0 3 0 0 0 0 0
0 0 0 0 0 0 0 0 0 0 0 0 0 3 0 0 0 0 0
0 0 0 0 0 0 0 0 0 0 0 0 0 3 0 0 0 0 0
0 0 0 0 0 0 0 0 0 0 0 0 0 3 0 0 0 0 0
0 0 0 0 4 1 0 0 0 0 0 0 0 3 0 0 0 0 0
0 0 0 0 4 1 0 0 0 0 0 0 0 3 0 0 0 0 0
0 0 0 0 4 1 0 0 0 0 0 0 0 3 0 0 0 0 0
0 0 0 0 0 0 0 0 0 0 0 0 0 3 0 0 0 0 0
0 0 0 0 0 0 0 0 0 0 0 0 0 3 0 0 0 0 0
0 0 0 0 0 0 0 0 0 0 0 0 0 3 0 0 0 0 0
0 0 0 0 0 0 0 0 0 0 0 0 0 3 0 0 0 0 0
0 0 0 0 0 0 0 0 0 0 0 0 0 3 0 0 0 0 0
0 0 0 0 0 0 0 0 0 0 0 0 0 3 0 0 0 0 0
0 0 0 0 0 0 0 0 0 0 0 0 0 3 0 0 0 0 0
0 0 0 0 0 0 0 0 0 0 0 0 0 3 0 0 0 0 0
0 0 0 0 0 0 0 0 0 0 0 0 0 3 0 0 0 0 0
