0 0 0 0 14 16 3 3 4 8 9 1 1 12 13 12 13 31 31 31 31 1 1 7 27 0 16 0 0 0 0 0 0
0 0 0 0 2 1 2 1 0 0 2 2 0 1 15 1 1 8 10
0 0 0 0 2 1 2 2 0 0 2 1 0 1 15 0 0 0 0
0 0 0 0 2 1 2 2 2 2 2 2 0 1 15 0 0 0 0
0 0 0 0 2 1 2 1 2 2 2 2 0 1 15 0 0 0 0
0 0 0 0 2 1 2 1 2 2 2 1 0 1 15 0 0 0 0
0 0 0 0 2 1 1 1 0 0 2 1 0 1 15 0 0 0 0
0 0 0 0 1 1 4 2 0 0 1 1 2 3 15 1 1 8 4
0 0 0 0 1 1 0 0 0 0 4 1 2 3 15 1 1 8 3
0 0 0 0 1 1 0 0 0 0 0 0 2 3 15 1 1 8 3
0 0 0 0 1 1 0 0 0 0 0 0 2 3 15 1 1 8 3
0 0 0 0 1 1 0 0 0 0 0 0 2 3 15 1 1 8 3
0 0 0 0 1 1 1 1 0 0 0 0 2 3 15 1 1 8 3
0 0 0 0 0 0 0 0 0 0 1 1 0 1 0 0 0 0 0
0 0 0 0 0 0 0 0 0 0 0 0 0 1 0 0 0 0 0
0 0 0 0 0 0 2 2 0 0 2 1 0 1 15 0 0 0 0
0 0 0 0 0 0 2 2 2 1 2 2 0 1 15 0 0 0 0
0 0 0 0 2 2 2 2 2 2 2 2 0 1 15 0 0 0 0
0 0 0 0 2 2 2 2 2 2 2 2 0 1 15 0 0 0 0
0 0 0 0 2 2 2 1 2 2 2 2 0 1 15 0 0 0 0
0 0 0 0 0 0 3 2 0 0 2 1 0 1 15 0 0 0 0
0 0 0 0 0 0 1 1 1 1 3 2 2 3 15 0 0 0 0
0 0 0 0 0 0 0 0 3 2 1 1 2 3 15 1 1 8 3
0 0 0 0 0 0 0 0 1 1 0 0 2 3 15 1 1 8 3
0 0 0 0 0 0 0 0 1 1 0 0 2 3 15 1 1 8 3
0 0 0 0 0 0 0 0 1 2 0 0 2 3 15 1 1 8 2
0 0 0 0 0 0 1 1 1 1 0 0 2 3 15 1 1 8 3
0 0 0 0 0 0 0 0 0 0 1 1 0 1 0 0 0 0 0
0 0 0 0 0 0 0 0 0 0 0 0 0 1 0 0 0 0 0
0 0 0 0 0 0 0 0 2 1 2 1 0 1 15 0 0 0 0
0 0 0 0 2 1 2 2 2 1 0 0 0 1 15 0 0 0 0
0 0 0 0 2 2 2 2 0 0 2 2 0 1 15 0 0 0 0
0 0 0 0 2 2 2 2 2 1 2 2 0 1 15 0 0 0 0
0 0 0 0 2 2 2 1 2 2 2 2 0 1 15 0 0 0 0
0 0 0 0 0 0 2 1 2 1 2 1 0 1 15 0 0 0 0
0 0 0 0 1 1 0 0 2 1 2 1 0 1 15 0 0 0 0
0 0 0 0 3 2 0 0 2 1 0 0 0 1 15 0 0 0 0
0 0 0 0 1 1 1 1 0 0 0 0 0 1 15 0 0 0 0
0 0 0 0 1 1 1 2 3 2 1 1 2 3 0 1 1 8 1
0 0 0 0 1 2 1 2 0 0 1 2 2 3 15 0 0 0 0
0 0 0 0 1 1 1 1 3 2 1 2 2 3 15 1 1 8 1
0 0 0 0 0 0 0 0 0 0 1 1 0 1 0 0 0 0 0
0 0 0 0 0 0 0 0 0 0 0 0 0 1 0 0 0 0 0
0 0 0 0 2 1 0 0 0 0 2 1 0 1 15 0 0 0 0
0 0 0 0 2 1 2 1 0 0 0 0 0 1 15 0 0 0 0
0 0 0 0 0 0 2 2 2 2 2 1 0 1 15 0 0 0 0
0 0 0 0 2 1 2 2 2 2 2 2 0 1 15 0 0 0 0
0 0 0 0 2 2 0 0 2 1 2 2 0 1 15 0 0 0 0
0 0 0 0 2 1 0 0 2 1 0 0 0 1 15 0 0 0 0
0 0 0 0 2 1 0 0 0 0 0 0 0 1 15 0 0 0 0
0 0 0 0 2 1 2 1 2 1 0 0 0 1 15 1 1 8 6
0 0 0 0 0 0 1 1 0 0 2 1 0 1 15 0 0 0 0
0 0 0 0 3 2 1 2 1 1 1 1 2 3 0 1 1 7 28
0 0 0 0 0 0 1 2 1 2 1 2 2 3 15 1 1 7 27
0 0 0 0 3 2 1 1 1 1 1 2 2 3 15 1 1 7 29
0 0 0 0 0 0 0 0 0 0 1 1 0 1 0 0 0 0 0
0 0 0 0 0 0 0 0 0 0 0 0 0 1 0 0 0 0 0
0 0 0 0 0 0 0 0 2 1 2 1 0 1 15 0 0 0 0
0 0 0 0 0 0 2 2 2 1 0 0 0 1 15 1 1 8 5
0 0 0 0 2 2 2 2 2 2 2 2 0 1 15 0 0 0 0
0 0 0 0 2 2 2 1 2 2 2 2 0 1 15 0 0 0 0
0 0 0 0 2 1 0 0 0 0 2 1 0 1 15 0 0 0 0
0 0 0 0 2 1 2 1 0 0 0 0 0 1 15 0 0 0 0
0 0 0 0 0 0 2 1 0 0 2 1 0 1 0 0 0 0 0
0 0 0 0 2 1 2 1 0 0 2 1 0 1 15 0 0 0 0
0 0 0 0 0 0 0 0 2 1 2 1 0 1 15 0 0 0 0
0 0 0 0 1 1 0 0 2 1 0 0 0 1 15 0 0 0 0
0 0 0 0 1 2 0 0 0 0 0 0 0 1 15 1 1 7 30
0 0 0 0 1 1 2 1 0 0 0 0 0 1 15 0 0 0 0
0 0 0 0 0 0 0 0 0 0 2 1 0 1 0 0 0 0 0
0 0 0 0 0 0 0 0 0 0 0 0 0 1 0 0 0 0 0
0 0 0 0 2 1 0 0 2 2 2 1 0 1 15 0 0 0 0
0 0 0 0 2 1 2 2 2 2 0 0 0 1 15 0 0 0 0
0 0 0 0 2 2 2 2 2 1 2 2 0 1 15 0 0 0 0
0 0 0 0 2 2 2 1 0 0 2 2 0 1 15 0 0 0 0
0 0 0 0 0 0 0 0 2 1 2 1 0 1 15 0 0 0 0
0 0 0 0 0 0 2 1 2 1 0 0 0 1 15 0 0 0 0
0 0 0 0 0 0 2 1 0 0 2 1 0 1 15 0 0 0 0
0 0 0 0 0 0 2 1 2 1 2 1 0 1 15 0 0 0 0
0 0 0 0 2 1 0 0 0 0 2 1 0 1 15 0 0 0 0
0 0 0 0 2 1 2 1 0 0 0 0 0 1 15 0 0 0 0
0 0 0 0 0 0 0 0 0 0 2 1 0 1 15 0 0 0 0
0 0 0 0 0 0 2 1 0 0 0 0 0 1 15 0 0 0 0
0 0 0 0 0 0 0 0 0 0 2 1 0 1 0 0 0 0 0
0 0 0 0 0 0 0 0 0 0 0 0 0 1 0 0 0 0 0
0 0 0 0 2 2 2 1 0 0 2 1 0 1 15 0 0 0 0
0 0 0 0 2 2 2 1 0 0 2 1 0 1 15 0 0 0 0
0 0 0 0 2 1 2 1 0 0 2 1 0 1 15 0 0 0 0
0 0 0 0 0 0 0 0 2 1 2 1 0 1 15 0 0 0 0
0 0 0 0 2 1 0 0 2 1 0 0 0 1 15 0 0 0 0
0 0 0 0 2 1 0 0 2 1 0 0 0 1 15 0 0 0 0
0 0 0 0 0 0 2 2 0 0 0 0 0 1 15 0 0 0 0
0 0 0 0 2 1 0 0 2 1 2 2 0 1 15 0 0 0 0
0 0 0 0 0 0 0 0 0 0 0 0 0 1 15 0 0 0 0
0 0 0 0 0 0 2 1 2 1 0 0 0 1 15 1 1 8 9
0 0 0 0 0 0 0 0 2 1 2 1 0 1 15 0 0 0 0
0 0 0 0 0 0 2 1 0 0 0 0 0 1 15 1 1 7 31
0 0 0 0 0 0 0 0 0 0 2 1 0 1 0 0 0 0 0
0 0 0 0 0 0 0 0 0 0 0 0 0 1 0 0 0 0 0
0 0 0 0 0 0 2 1 0 0 2 1 0 1 15 0 0 0 0
0 0 0 0 0 0 2 1 0 0 2 1 0 1 15 0 0 0 0
0 0 0 0 0 0 2 1 0 0 2 1 0 1 15 0 0 0 0
0 0 0 0 2 1 0 0 0 0 2 1 0 1 15 0 0 0 0
0 0 0 0 2 1 0 0 2 1 0 0 0 1 15 0 0 0 0
0 0 0 0 2 1 2 1 0 0 0 0 0 1 15 0 0 0 0
0 0 0 0 0 0 2 1 0 0 2 1 0 1 15 0 0 0 0
0 0 0 0 2 1 2 1 2 1 2 1 0 1 15 0 0 0 0
0 0 0 0 0 0 2 1 0 0 2 1 0 1 15 0 0 0 0
0 0 0 0 2 1 0 0 0 0 2 1 0 1 15 0 0 0 0
0 0 0 0 2 1 2 1 2 2 0 0 0 1 15 1 1 8 8
0 0 0 0 0 0 2 1 0 0 2 1 0 1 15 0 0 0 0
0 0 0 0 0 0 0 0 0 0 2 1 0 1 0 0 0 0 0
0 0 0 0 0 0 0 0 0 0 0 0 0 1 0 0 0 0 0
0 0 0 0 0 0 2 1 0 0 2 1 0 1 15 0 0 0 0
0 0 0 0 0 0 2 1 0 0 2 1 0 1 15 0 0 0 0
0 0 0 0 0 0 2 1 0 0 2 1 0 1 15 0 0 0 0
0 0 0 0 0 0 2 1 0 0 2 1 0 1 15 0 0 0 0
0 0 0 0 2 1 2 1 2 1 2 1 0 1 15 0 0 0 0
0 0 0 0 0 0 2 1 0 0 2 1 0 1 15 0 0 0 0
0 0 0 0 0 0 2 1 0 0 2 1 0 1 15 0 0 0 0
0 0 0 0 2 1 0 0 2 2 2 1 0 1 15 0 0 0 0
0 0 0 0 0 0 2 2 2 1 0 0 0 1 15 0 0 0 0
0 0 0 0 0 0 2 2 0 0 2 2 0 1 15 0 0 0 0
0 0 0 0 2 2 2 2 2 2 2 2 0 1 15 0 0 0 0
0 0 0 0 0 0 2 1 0 0 2 2 0 1 15 0 0 0 0
0 0 0 0 0 0 0 0 0 0 2 1 0 1 0 0 0 0 0
0 0 0 0 0 0 0 0 0 0 0 0 0 1 0 0 0 0 0
0 0 0 0 0 0 2 1 0 0 2 1 0 1 15 0 0 0 0
0 0 0 0 0 0 2 2 0 0 2 1 0 1 15 0 0 0 0
0 0 0 0 0 0 2 1 0 0 2 2 0 1 15 0 0 0 0
0 0 0 0 0 0 2 1 0 0 2 1 0 1 15 0 0 0 0
0 0 0 0 2 1 2 1 2 1 2 1 0 1 15 0 0 0 0
0 0 0 0 0 0 2 1 0 0 2 1 0 1 15 0 0 0 0
0 0 0 0 0 0 2 1 0 0 2 1 0 1 15 0 0 0 0
0 0 0 0 2 2 0 0 2 2 2 1 0 1 15 0 0 0 0
0 0 0 0 2 1 0 0 2 2 0 0 0 1 15 0 0 0 0
0 0 0 0 0 0 0 0 2 1 0 0 0 1 15 0 0 0 0
0 0 0 0 2 2 0 0 0 0 0 0 0 1 15 0 0 0 0
0 0 0 0 0 0 2 1 0 0 0 0 0 1 15 0 0 0 0
0 0 0 0 0 0 0 0 0 0 2 1 0 1 0 0 0 0 0
0 0 0 0 0 0 0 0 0 0 0 0 0 1 0 0 0 0 0
0 0 0 0 0 0 2 1 0 0 2 1 0 1 15 0 0 0 0
0 0 0 0 0 0 2 1 0 0 2 1 0 1 15 0 0 0 0
0 0 0 0 0 0 2 1 0 0 2 1 0 1 15 0 0 0 0
0 0 0 0 0 0 2 1 0 0 2 1 0 1 15 0 0 0 0
0 0 0 0 2 1 0 0 0 0 2 1 0 1 15 0 0 0 0
0 0 0 0 0 0 2 1 2 1 0 0 0 1 15 0 0 0 0
0 0 0 0 0 0 2 1 0 0 2 1 0 1 15 0 0 0 0
0 0 0 0 2 2 2 1 0 0 2 1 0 1 15 0 0 0 0
0 0 0 0 2 2 0 0 0 0 2 1 0 1 15 0 0 0 0
0 0 0 0 2 1 2 1 0 0 0 0 0 1 15 0 0 0 0
0 0 0 0 0 0 0 0 0 0 2 1 0 1 15 0 0 0 0
0 0 0 0 0 0 2 1 0 0 0 0 0 1 15 0 0 0 0
0 0 0 0 0 0 0 0 0 0 2 1 0 1 0 0 0 0 0
0 0 0 0 0 0 0 0 0 0 0 0 0 1 0 0 0 0 0
0 0 0 0 0 0 2 1 2 1 2 1 0 1 15 0 0 0 0
0 0 0 0 0 0 2 1 2 1 2 1 0 1 15 0 0 0 0
0 0 0 0 0 0 2 2 2 1 2 1 0 1 15 0 0 0 0
0 0 0 0 0 0 2 1 2 1 2 2 0 1 15 0 0 0 0
0 0 0 0 0 0 2 2 2 1 2 1 0 1 15 0 0 0 0
0 0 0 0 2 1 0 0 2 1 2 2 0 1 15 1 1 8 7
0 0 0 0 0 0 2 1 2 1 0 0 0 1 15 0 0 0 0
0 0 0 0 0 0 2 1 2 1 2 1 0 1 15 0 0 0 0
0 0 0 0 0 0 0 0 2 1 2 1 0 1 15 0 0 0 0
0 0 0 0 0 0 2 1 2 1 0 0 0 1 15 0 0 0 0
0 0 0 0 0 0 0 0 2 1 2 1 0 1 15 0 0 0 0
0 0 0 0 0 0 2 1 2 1 0 0 0 1 15 0 0 0 0
0 0 0 0 0 0 0 0 0 0 2 1 0 1 0 0 0 0 0
0 0 0 0 0 0 0 0 0 0 0 0 0 1 0 0 0 0 0
0 0 0 0 2 1 0 0 0 0 0 0 0 1 0 0 0 0 0
0 0 0 0 2 1 0 0 0 0 0 0 0 1 0 0 0 0 0
0 0 0 0 2 1 0 0 0 0 0 0 0 1 0 0 0 0 0
0 0 0 0 2 1 0 0 0 0 0 0 0 1 0 0 0 0 0
0 0 0 0 2 1 0 0 0 0 0 0 0 1 0 0 0 0 0
0 0 0 0 2 1 0 0 0 0 0 0 0 1 0 0 0 0 0
0 0 0 0 2 1 0 0 0 0 0 0 0 1 0 0 0 0 0
0 0 0 0 2 1 0 0 0 0 0 0 0 1 0 0 0 0 0
0 0 0 0 2 1 0 0 0 0 0 0 0 1 0 0 0 0 0
0 0 0 0 2 1 0 0 0 0 0 0 0 1 0 0 0 0 0
0 0 0 0 2 1 0 0 0 0 0 0 0 1 0 0 0 0 0
0 0 0 0 2 1 0 0 0 0 0 0 0 1 0 0 0 0 0
0 0 0 0 0 0 0 0 0 0 0 0 0 1 0 0 0 0 0
0 0 0 0 0 0 0 0 0 0 0 0 0 1 0 0 0 0 0
0 0 0 0 0 0 0 0 0 0 0 0 0 1 0 0 0 0 0
0 0 0 0 0 0 0 0 0 0 0 0 0 1 0 0 0 0 0
0 0 0 0 0 0 0 0 0 0 0 0 0 1 0 0 0 0 0
0 0 0 0 0 0 0 0 0 0 0 0 0 1 0 0 0 0 0
0 0 0 0 0 0 0 0 0 0 0 0 0 1 0 0 0 0 0
0 0 0 0 0 0 0 0 0 0 0 0 0 1 0 0 0 0 0
0 0 0 0 0 0 0 0 0 0 0 0 0 1 0 0 0 0 0
0 0 0 0 0 0 0 0 0 0 0 0 0 1 0 0 0 0 0
0 0 0 0 0 0 0 0 0 0 0 0 0 1 0 0 0 0 0
0 0 0 0 0 0 0 0 0 0 0 0 0 1 0 0 0 0 0
0 0 0 0 0 0 0 0 0 0 0 0 0 1 0 0 0 0 0
0 0 0 0 0 0 0 0 0 0 0 0 0 1 0 0 0 0 0
0 0 0 0 0 0 0 0 0 0 0 0 0 1 0 0 0 0 0
0 0 0 0 0 0 0 0 0 0 0 0 0 1 0 0 0 0 0
0 0 0 0 0 0 0 0 0 0 0 0 0 1 0 0 0 0 0
0 0 0 0 0 0 0 0 0 0 0 0 0 1 0 0 0 0 0
0 0 0 0 0 0 0 0 0 0 0 0 0 1 0 0 0 0 0
0 0 0 0 0 0 0 0 0 0 0 0 0 1 0 0 0 0 0
0 0 0 0 0 0 0 0 0 0 0 0 0 1 0 0 0 0 0
0 0 0 0 0 0 0 0 0 0 0 0 0 1 0 0 0 0 0
0 0 0 0 0 0 0 0 3 1 0 0 0 1 0 0 0 0 0
0 0 0 0 0 0 0 0 0 0 0 0 0 1 0 0 0 0 0
0 0 0 0 0 0 0 0 0 0 0 0 0 1 0 0 0 0 0
0 0 0 0 0 0 0 0 0 0 0 0 0 1 0 0 0 0 0
0 0 0 0 0 0 0 0 0 0 0 0 0 1 0 0 0 0 0
0 0 0 0 0 0 0 0 0 0 0 0 0 1 0 0 0 0 0
0 0 0 0 0 0 0 0 0 0 0 0 0 1 0 0 0 0 0
0 0 0 0 0 0 0 0 0 0 0 0 0 1 0 0 0 0 0
0 0 0 0 0 0 0 0 0 0 0 0 0 1 0 0 0 0 0
0 0 0 0 0 0 0 0 0 0 0 0 0 1 0 0 0 0 0
0 0 0 0 0 0 0 0 0 0 0 0 0 1 0 0 0 0 0
0 0 0 0 0 0 0 0 0 0 0 0 0 1 0 0 0 0 0
0 0 0 0 0 0 0 0 0 0 0 0 0 1 0 0 0 0 0
0 0 0 0 0 0 3 1 0 0 0 0 0 1 0 0 0 0 0
0 0 0 0 3 1 3 1 3 1 3 1 0 1 0 0 0 0 0
0 0 0 0 0 0 0 0 0 0 3 1 0 1 0 0 0 0 0
0 0 0 0 0 0 0 0 0 0 0 0 0 1 0 0 0 0 0
0 0 0 0 0 0 0 0 0 0 0 0 0 1 0 0 0 0 0
0 0 0 0 0 0 0 0 0 0 0 0 0 1 0 0 0 0 0
0 0 0 0 0 0 0 0 0 0 0 0 0 1 0 0 0 0 0
0 0 0 0 0 0 0 0 0 0 0 0 0 1 0 0 0 0 0
0 0 0 0 0 0 0 0 0 0 0 0 0 1 0 0 0 0 0
