0 0 0 0 8 12 4 0 0 1 2 4 12 3 4 3 4 3 4 26 25 1 1 5 24 0 19 0 0 0 0 0 0
0 0 0 0 4 1 4 2 0 0 4 1 0 3 0 0 0 0 0
0 0 0 0 4 1 0 0 0 0 4 2 2 3 0 1 1 6 6
0 0 0 0 4 1 4 2 0 0 0 0 2 3 0 1 1 6 7
0 0 0 0 4 1 4 1 0 0 4 2 2 3 0 1 1 6 9
0 0 0 0 4 1 4 2 4 1 4 1 2 3 0 0 0 0 0
0 0 0 0 4 1 4 2 0 0 4 2 2 3 0 0 0 0 0
0 0 0 0 4 1 4 1 0 0 4 2 2 3 0 0 0 0 0
0 0 0 0 4 1 4 1 4 2 4 1 2 3 0 1 1 5 28
0 0 0 0 0 0 4 1 0 0 4 1 0 3 0 0 0 0 0
0 0 0 0 0 0 0 0 4 1 4 1 2 3 0 1 1 6 7
0 0 0 0 0 0 4 1 4 1 0 0 2 3 0 1 1 6 5
0 0 0 0 0 0 0 0 4 2 4 1 2 3 0 1 1 6 8
0 0 0 0 4 1 4 2 4 2 0 0 2 3 0 1 1 6 8
0 0 0 0 0 0 4 1 4 1 4 2 2 3 0 0 0 0 0
0 0 0 0 0 0 0 0 4 1 4 1 2 3 0 0 0 0 0
0 0 0 0 4 2 4 1 4 1 0 0 2 3 0 0 0 0 0
0 0 0 0 0 0 0 0 0 0 4 1 0 3 0 0 0 0 0
0 0 0 0 4 1 0 0 4 1 0 0 0 3 0 0 0 0 0
0 0 0 0 4 1 0 0 4 1 0 0 0 3 0 0 0 0 0
0 0 0 0 4 2 0 0 0 0 0 0 0 3 0 1 1 6 10
0 0 0 0 4 2 0 0 0 0 0 0 0 3 0 1 1 6 10
0 0 0 0 4 1 0 0 4 1 0 0 0 3 0 0 0 0 0
0 0 0 0 4 1 0 0 4 1 0 0 0 3 0 0 0 0 0
0 0 0 0 4 1 4 1 4 1 0 0 0 3 0 0 0 0 0
0 0 0 0 0 0 4 2 0 0 4 1 0 3 0 0 0 0 0
0 0 0 0 4 1 0 0 4 1 4 2 1 3 0 1 1 5 30
0 0 0 0 4 1 4 1 4 1 0 0 1 3 0 0 0 0 0
0 0 0 0 0 0 0 0 0 0 4 1 0 3 0 0 0 0 0
0 0 0 0 0 0 4 1 0 0 0 0 0 3 0 0 0 0 0
0 0 0 0 4 1 4 1 4 2 4 1 2 3 0 1 1 5 29
0 0 0 0 4 1 4 1 4 2 4 1 2 3 0 0 0 0 0
0 0 0 0 4 1 4 1 4 2 4 1 2 3 0 1 1 6 1
0 0 0 0 0 0 4 1 0 0 4 1 0 3 0 0 0 0 0
0 0 0 0 4 1 4 1 4 2 4 1 1 3 0 1 1 5 26
0 0 0 0 4 1 4 1 4 2 4 1 1 3 0 1 1 5 25
0 0 0 0 0 0 0 0 0 0 4 1 0 3 0 0 0 0 0
0 0 0 0 0 0 0 0 0 0 0 0 0 3 0 1 1 5 31
0 0 0 0 4 2 0 0 4 2 0 0 0 3 0 0 0 0 0
0 0 0 0 4 2 0 0 3 2 0 0 0 3 0 0 0 0 0
0 0 0 0 4 2 4 1 3 2 0 0 0 3 0 0 0 0 0
0 0 0 0 0 0 0 0 0 0 4 1 0 3 0 0 0 0 0
0 0 0 0 4 2 0 0 4 1 0 0 0 3 0 0 0 0 0
0 0 0 0 4 2 0 0 4 1 0 0 0 3 0 0 0 0 0
0 0 0 0 0 0 0 0 0 0 0 0 0 3 0 0 0 0 0
0 0 0 0 0 0 4 1 0 0 0 0 0 3 0 0 0 0 0
0 0 0 0 4 2 4 1 4 1 4 1 2 3 0 1 1 5 27
0 0 0 0 3 2 3 1 3 1 4 1 2 3 0 0 0 0 0
0 0 0 0 3 2 3 1 3 1 3 1 2 3 0 31 31 31 28
0 0 0 0 0 0 4 1 0 0 4 1 0 3 0 0 0 0 0
0 0 0 0 4 1 4 1 0 0 4 1 2 3 0 0 0 0 0
0 0 0 0 4 1 4 2 4 1 4 1 2 3 0 1 1 6 4
0 0 0 0 0 0 0 0 0 0 4 2 0 3 0 0 0 0 0
0 0 0 0 0 0 4 1 0 0 0 0 0 3 0 0 0 0 0
0 0 0 0 4 1 0 0 0 0 4 1 2 3 0 31 31 31 31
0 0 0 0 3 1 4 1 0 0 0 0 2 3 0 31 31 31 31
0 0 0 0 3 1 4 1 0 0 4 1 0 3 0 0 0 0 0
0 0 0 0 0 0 4 1 0 0 4 1 0 3 0 0 0 0 0
0 0 0 0 0 0 4 1 4 2 4 1 2 3 0 31 31 31 29
0 0 0 0 4 1 4 2 4 1 4 1 2 3 0 1 1 6 3
0 0 0 0 0 0 0 0 0 0 4 2 0 3 0 0 0 0 0
0 0 0 0 0 0 4 2 0 0 0 0 0 3 0 0 0 0 0
0 0 0 0 0 0 0 0 4 1 4 2 2 3 0 31 31 31 31
0 0 0 0 0 0 4 1 4 1 0 0 2 3 0 31 31 31 31
0 0 0 0 0 0 4 1 0 0 4 1 0 3 0 0 0 0 0
0 0 0 0 0 0 0 0 4 1 4 1 0 3 0 0 0 0 0
0 0 0 0 4 2 4 1 4 1 0 0 0 3 0 0 0 0 0
0 0 0 0 4 1 4 2 4 1 4 1 2 3 0 1 1 6 2
0 0 0 0 0 0 0 0 0 0 4 2 0 3 0 1 1 5 24
0 0 0 0 0 0 4 2 0 0 0 0 0 3 0 1 1 5 24
0 0 0 0 4 1 4 1 4 1 4 2 2 3 0 31 31 31 30
0 0 0 0 4 1 0 0 0 0 4 1 0 3 0 0 0 0 0
0 0 0 0 0 0 4 1 0 0 0 0 0 3 0 0 0 0 0
0 0 0 0 4 1 4 1 4 2 4 1 2 3 0 31 31 31 28
0 0 0 0 4 1 4 1 4 2 4 1 2 3 0 0 0 0 0
0 0 0 0 4 1 0 0 0 0 4 1 0 3 0 0 0 0 0
0 0 0 0 0 0 0 0 0 0 0 0 0 3 0 0 0 0 0
0 0 0 0 0 0 0 0 0 0 0 0 0 3 0 0 0 0 0
0 0 0 0 4 1 0 0 0 0 0 0 0 3 0 0 0 0 0
0 0 0 0 0 0 0 0 0 0 0 0 0 3 0 0 0 0 0
0 0 0 0 0 0 4 1 0 0 0 0 0 3 0 0 0 0 0
0 0 0 0 4 2 0 0 0 0 4 1 0 3 0 0 0 0 0
0 0 0 0 4 2 0 0 0 0 0 0 0 3 0 0 0 0 0
0 0 0 0 0 0 0 0 0 0 0 0 0 3 0 0 0 0 0
0 0 0 0 0 0 0 0 0 0 0 0 0 3 0 0 0 0 0
0 0 0 0 0 0 0 0 0 0 0 0 0 3 0 0 0 0 0
0 0 0 0 0 0 0 0 0 0 0 0 0 3 0 0 0 0 0
0 0 0 0 0 0 0 0 0 0 0 0 0 3 0 0 0 0 0
0 0 0 0 0 0 4 1 0 0 0 0 0 3 0 0 0 0 0
0 0 0 0 0 0 0 0 4 1 4 1 0 3 0 0 0 0 0
0 0 0 0 0 0 0 0 4 1 0 0 0 3 0 0 0 0 0
0 0 0 0 0 0 0 0 4 1 0 0 0 3 0 0 0 0 0
0 0 0 0 0 0 0 0 4 2 0 0 0 3 0 0 0 0 0
0 0 0 0 0 0 0 0 4 2 0 0 0 3 0 0 0 0 0
0 0 0 0 0 0 0 0 4 1 0 0 0 3 0 0 0 0 0
0 0 0 0 0 0 0 0 4 1 0 0 0 3 0 0 0 0 0
0 0 0 0 0 0 4 1 4 1 0 0 0 3 0 0 0 0 0
